52 : 16|3|4
381 : 71|5|26
153 : 18|8|9
155 : 74|2|7
76 : 64|1|12
258 : 44|5|38
356 : 74|4|60
567 : 78|7|21
559 : 60|9|19
401 : 75|5|26
190 : 20|9|10
10 : 75|0|10
46 : 65|0|46
1 : 70|0|1
688 : 73|9|31
281 : 48|5|41
487 : 70|6|67
56 : 46|1|10
169 : 29|5|24
97 : 42|2|13
252 : 43|5|37
363 : 57|6|21
401 : 70|5|51
153 : 27|5|18
5 : 61|0|5
115 : 15|7|10
228 : 27|8|12
587 : 61|9|38
624 : 65|9|39
716 : 77|9|23
22 : 59|0|22
72 : 17|4|4
48 : 23|2|2
73 : 30|2|13
9 : 43|0|9
427 : 64|6|43
5 : 65|0|5
18 : 32|0|18
708 : 72|9|60
162 : 65|2|32
71 : 17|4|3
416 : 63|6|38
132 : 24|5|12
361 : 39|9|10
40 : 41|0|40
206 : 23|8|22
97 : 17|5|12
241 : 29|8|9
8 : 21|0|8
46 : 42|1|4
103 : 21|4|19
67 : 62|1|5
307 : 44|6|43
234 : 27|8|18
477 : 54|8|45
108 : 51|2|6
125 : 21|5|20
137 : 33|4|5
302 : 59|5|7
127 : 29|4|11
136 : 15|9|1
302 : 62|4|54
306 : 80|3|66
34 : 30|1|4
107 : 43|2|21
32 : 23|1|9
116 : 17|6|14
479 : 66|7|17
220 : 77|2|66
360 : 47|7|31
313 : 74|4|17
312 : 75|4|12
45 : 49|0|45
480 : 69|6|66
194 : 39|4|38
155 : 16|9|11
653 : 69|9|32
657 : 71|9|18
155 : 63|2|29
167 : 31|5|12
113 : 58|1|55
188 : 49|3|41
398 : 62|6|26
338 : 36|9|14
272 : 57|4|44
304 : 32|9|16
23 : 29|0|23
371 : 77|4|63
136 : 16|8|8
53 : 22|2|9
178 : 19|9|7
593 : 66|8|65
35 : 52|0|35
2 : 64|0|2
37 : 41|0|37
313 : 51|6|7
83 : 31|2|21
61 : 69|0|61
180 : 58|3|6
238 : 65|3|43
119 : 21|5|14
17 : 65|0|17
49 : 32|1|17
32 : 26|1|6
10 : 48|0|10
59 : 21|2|17
458 : 49|9|17
142 : 15|9|7
12 : 49|0|12
238 : 33|7|7
28 : 33|0|28
150 : 21|7|3
748 : 80|9|28
257 : 27|9|14
427 : 56|7|35
274 : 63|4|22
491 : 67|7|22
134 : 25|5|9
232 : 42|5|22
177 : 49|3|30
540 : 56|9|36
556 : 77|7|17
49 : 79|0|49
43 : 51|0|43
431 : 49|8|39
170 : 55|3|5
563 : 65|8|43
331 : 46|7|9
338 : 35|9|23
8 : 41|0|8
289 : 72|4|1
12 : 73|0|12
657 : 75|8|57
24 : 40|0|24
43 : 45|0|43
295 : 76|3|67
564 : 80|7|4
176 : 27|6|14
45 : 35|1|10
113 : 18|6|5
7 : 67|0|7
473 : 59|8|1
104 : 60|1|44
342 : 46|7|20
115 : 34|3|13
117 : 22|5|7
12 : 20|0|12
406 : 46|8|38
390 : 45|8|30
27 : 64|0|27
203 : 22|9|5
48 : 22|2|4
13 : 18|0|13
384 : 57|6|42
226 : 53|4|14
244 : 29|8|12
240 : 42|5|30
166 : 38|4|14
18 : 53|0|18
146 : 67|2|12
155 : 34|4|19
277 : 70|3|67
51 : 41|1|10
359 : 60|5|59
415 : 78|5|25
359 : 74|4|63
436 : 62|7|2
326 : 59|5|31
159 : 46|3|21
190 : 78|2|34
156 : 61|2|34
52 : 36|1|16
373 : 38|9|31
125 : 50|2|25
281 : 56|5|1
17 : 25|0|17
14 : 75|0|14
207 : 48|4|15
72 : 49|1|23
473 : 54|8|41
341 : 45|7|26
87 : 19|4|11
81 : 49|1|32
695 : 72|9|47
209 : 40|5|9
124 : 19|6|10
148 : 47|3|7
675 : 70|9|45
10 : 26|0|10
312 : 62|5|2
139 : 17|8|3
14 : 39|0|14
113 : 41|2|31
197 : 48|4|5
150 : 47|3|9
110 : 40|2|30
502 : 79|6|28
18 : 22|0|18
276 : 64|4|20
52 : 32|1|20
31 : 39|0|31
568 : 66|8|40
557 : 57|9|44
193 : 46|4|9
607 : 75|8|7
160 : 21|7|13
103 : 29|3|16
302 : 53|5|37
11 : 45|0|11
361 : 78|4|49
243 : 26|9|9
12 : 15|0|12
54 : 60|0|54
427 : 44|9|31
235 : 57|4|7
529 : 61|8|41
640 : 74|8|48
480 : 71|6|54
56 : 26|2|4
149 : 15|9|14
177 : 69|2|39
329 : 46|7|7
112 : 63|1|49
2 : 63|0|2
246 : 59|4|10
610 : 73|8|26
92 : 62|1|30
662 : 74|8|70
13 : 39|0|13
169 : 45|3|34
235 : 65|3|40
383 : 45|8|23
43 : 46|0|43
354 : 39|9|3
271 : 48|5|31
571 : 66|8|43
228 : 23|9|21
53 : 21|2|11
603 : 66|9|9
378 : 45|8|18
348 : 69|5|3
390 : 41|9|21
558 : 71|7|61
39 : 68|0|39
51 : 76|0|51
149 : 64|2|21
18 : 57|0|18
234 : 48|4|42
438 : 56|7|46
451 : 53|8|27
668 : 71|9|29
525 : 70|7|35
258 : 40|6|18
301 : 70|4|21
131 : 22|5|21
325 : 47|6|43
771 : 78|9|69
1 : 17|0|1
103 : 33|3|4
305 : 36|8|17
291 : 69|4|15
368 : 48|7|32
317 : 34|9|11
140 : 22|6|8
472 : 72|6|40
615 : 75|8|15
2 : 30|0|2
415 : 45|9|10
72 : 17|4|4
35 : 27|1|8
12 : 15|0|12
584 : 60|9|44
9 : 22|0|9
36 : 30|1|6
9 : 66|0|9
270 : 73|3|51
320 : 36|8|32
191 : 59|3|14
354 : 40|8|34
108 : 63|1|45
476 : 75|6|26
280 : 31|9|1
143 : 48|2|47
461 : 74|6|17
537 : 67|8|1
381 : 40|9|21
571 : 62|9|13
52 : 70|0|52
175 : 31|5|20
22 : 29|0|22
330 : 43|7|29
75 : 79|0|75
31 : 29|1|2
528 : 70|7|38
494 : 57|8|38
394 : 42|9|16
118 : 61|1|57
149 : 16|9|5
298 : 44|6|34
50 : 17|2|16
87 : 34|2|19
225 : 42|5|15
174 : 18|9|12
224 : 73|3|5
110 : 44|2|22
582 : 70|8|22
399 : 68|5|59
298 : 48|6|10
351 : 55|6|21
24 : 65|0|24
465 : 62|7|31
353 : 49|7|10
46 : 32|1|14
116 : 21|5|11
450 : 78|5|60
267 : 64|4|11
32 : 34|0|32
54 : 17|3|3
552 : 62|8|56
456 : 52|8|40
7 : 26|0|7
43 : 19|2|5
244 : 34|7|6
187 : 41|4|23
146 : 53|2|40
203 : 22|9|5
450 : 48|9|18
571 : 80|7|11
244 : 38|6|16
168 : 29|5|23
467 : 56|8|19
121 : 18|6|13
245 : 57|4|17
115 : 77|1|38
37 : 18|2|1
233 : 26|8|25
99 : 16|6|3
166 : 52|3|10
580 : 78|7|34
64 : 15|4|4
12 : 69|0|12
46 : 15|3|1
224 : 51|4|20
351 : 41|8|23
595 : 70|8|35
252 : 39|6|18
15 : 63|0|15
342 : 72|4|54
389 : 49|7|46
674 : 68|9|62
316 : 51|6|10
297 : 38|7|31
8 : 47|0|8
190 : 33|5|25
88 : 24|3|16
207 : 57|3|36
285 : 30|9|15
33 : 28|1|5
185 : 42|4|17
399 : 40|9|39
138 : 76|1|62
55 : 20|2|15
146 : 16|9|2
15 : 33|0|15
535 : 56|9|31
190 : 28|6|22
149 : 37|4|1
187 : 19|9|16
11 : 20|0|11
517 : 72|7|13
263 : 35|7|18
599 : 65|9|14
458 : 77|5|73
291 : 35|8|11
397 : 44|9|1
131 : 18|7|5
18 : 66|0|18
49 : 63|0|49
330 : 65|5|5
35 : 20|1|15
103 : 41|2|21
63 : 37|1|26
5 : 38|0|5
58 : 35|1|23
113 : 21|5|8
256 : 34|7|18
316 : 40|7|36
232 : 25|9|7
51 : 73|0|51
42 : 39|1|3
65 : 52|1|13
1 : 32|0|1
231 : 57|4|3
530 : 67|7|61
178 : 20|8|18
32 : 39|0|32
577 : 78|7|31
216 : 40|5|16
559 : 58|9|37
61 : 16|3|13
33 : 38|0|33
271 : 30|9|1
4 : 18|0|4
94 : 19|4|18
3 : 23|0|3
318 : 38|8|14
231 : 62|3|45
285 : 29|9|24
31 : 66|0|31
98 : 34|2|30
328 : 76|4|24
426 : 45|9|21
378 : 56|6|42
6 : 35|0|6
84 : 15|5|9
425 : 55|7|40
234 : 44|5|14
198 : 27|7|9
462 : 62|7|28
436 : 74|5|66
32 : 24|1|8
66 : 52|1|14
206 : 23|8|22
114 : 31|3|21
113 : 24|4|17
432 : 70|6|12
127 : 18|7|1
385 : 72|5|25
81 : 24|3|9
362 : 58|6|14
239 : 25|9|14
96 : 27|3|15
38 : 49|0|38
368 : 51|7|11
207 : 77|2|53
338 : 57|5|53
2 : 30|0|2
349 : 69|5|4
295 : 62|4|47
346 : 36|9|22
35 : 20|1|15
3 : 17|0|3
69 : 47|1|22
348 : 36|9|24
12 : 63|0|12
45 : 73|0|45
599 : 72|8|23
376 : 45|8|16
434 : 54|8|2
201 : 59|3|24
319 : 63|5|4
105 : 22|4|17
297 : 66|4|33
319 : 37|8|23
26 : 29|0|26
82 : 20|4|2
195 : 35|5|20
382 : 41|9|13
74 : 39|1|35
95 : 76|1|19
332 : 56|5|52
298 : 30|9|28
545 : 62|8|49
14 : 22|0|14
126 : 15|8|6
125 : 59|2|7
100 : 28|3|16
12 : 23|0|12
192 : 66|2|60
156 : 38|4|4
181 : 20|9|1
331 : 44|7|23
162 : 51|3|9
152 : 31|4|28
32 : 24|1|8
421 : 45|9|16
42 : 73|0|42
5 : 48|0|5
289 : 35|8|9
462 : 78|5|72
176 : 45|3|41
365 : 41|8|37
755 : 80|9|35
222 : 35|6|12
390 : 46|8|22
662 : 80|8|22
139 : 35|3|34
466 : 63|7|25
14 : 40|0|14
156 : 73|2|10
63 : 77|0|63
204 : 26|7|22
88 : 18|4|16
22 : 26|0|22
572 : 64|8|60
119 : 51|2|17
28 : 17|1|11
236 : 61|3|53
11 : 22|0|11
608 : 62|9|50
198 : 23|8|14
146 : 63|2|20
6 : 29|0|6
264 : 37|7|5
365 : 62|5|55
176 : 64|2|48
281 : 38|7|15
289 : 66|4|25
382 : 39|9|31
372 : 48|7|36
477 : 75|6|27
203 : 60|3|23
24 : 35|0|24
748 : 77|9|55
142 : 26|5|12
204 : 31|6|18
173 : 63|2|47
408 : 64|6|24
88 : 27|3|7
70 : 22|3|4
421 : 74|5|51
616 : 73|8|32
373 : 40|9|13
96 : 61|1|35
375 : 49|7|32
79 : 38|2|3
47 : 24|1|23
33 : 15|2|3
153 : 18|8|9
238 : 48|4|46
578 : 78|7|32
286 : 30|9|16
366 : 55|6|36
219 : 26|8|11
202 : 63|3|13
435 : 69|6|21
633 : 71|8|65
142 : 23|6|4
83 : 48|1|35
16 : 38|0|16
353 : 57|6|11
134 : 16|8|6
628 : 77|8|12
291 : 33|8|27
451 : 51|8|43
34 : 55|0|34
22 : 20|1|2
115 : 30|3|25
422 : 48|8|38
24 : 68|0|24
337 : 58|5|47
209 : 25|8|9
148 : 42|3|22
55 : 25|2|5
94 : 18|5|4
24 : 46|0|24
81 : 47|1|34
27 : 60|0|27
58 : 44|1|14
223 : 48|4|31
178 : 31|5|23
401 : 51|7|44
393 : 50|7|43
73 : 18|4|1
103 : 15|6|13
35 : 28|1|7
16 : 20|0|16
26 : 70|0|26
43 : 53|0|43
212 : 33|6|14
133 : 36|3|25
295 : 30|9|25
470 : 61|7|43
314 : 71|4|30
203 : 79|2|45
234 : 62|3|48
397 : 52|7|33
48 : 18|2|12
284 : 47|6|2
129 : 20|6|9
50 : 71|0|50
303 : 64|4|47
231 : 29|7|28
59 : 24|2|11
271 : 49|5|26
463 : 75|6|13
610 : 70|8|50
346 : 55|6|16
460 : 55|8|20
67 : 17|3|16
154 : 43|3|25
134 : 63|2|8
90 : 25|3|15
310 : 58|5|20
109 : 45|2|19
255 : 38|6|27
322 : 60|5|22
114 : 36|3|6
186 : 41|4|22
207 : 52|3|51
80 : 35|2|10
297 : 73|4|5
172 : 21|8|4
265 : 79|3|28
39 : 57|0|39
298 : 45|6|28
30 : 26|1|4
4 : 22|0|4
577 : 71|8|9
503 : 61|8|15
283 : 41|6|37
411 : 42|9|33
54 : 55|0|54
316 : 65|4|56
287 : 49|5|42
115 : 50|2|15
375 : 51|7|18
147 : 41|3|24
77 : 20|3|17
313 : 44|7|5
570 : 58|9|48
146 : 30|4|26
293 : 48|6|5
39 : 28|1|11
467 : 47|9|44
91 : 21|4|7
17 : 33|0|17
227 : 26|8|19
165 : 52|3|9
415 : 65|6|25
308 : 58|5|18
157 : 21|7|10
116 : 15|7|11
208 : 38|5|18
400 : 59|6|46
55 : 80|0|55
42 : 61|0|42
80 : 34|2|12
484 : 72|6|52
153 : 46|3|15
214 : 54|3|52
249 : 70|3|39
338 : 57|5|53
448 : 60|7|28
226 : 60|3|46
130 : 46|2|38
6 : 50|0|6
233 : 50|4|33
214 : 61|3|31
591 : 71|8|23
233 : 27|8|17
61 : 46|1|15
18 : 28|0|18
28 : 60|0|28
240 : 64|3|48
14 : 33|0|14
7 : 32|0|7
585 : 76|7|53
345 : 67|5|10
604 : 66|9|10
567 : 69|8|15
41 : 40|1|1
6 : 52|0|6
493 : 72|6|61
24 : 50|0|24
260 : 71|3|47
48 : 23|2|2
396 : 76|5|16
267 : 38|7|1
20 : 59|0|20
421 : 52|8|5
168 : 27|6|6
128 : 25|5|3
67 : 23|2|21
170 : 71|2|28
318 : 46|6|42
383 : 64|5|63
55 : 52|1|3
231 : 48|4|39
489 : 53|9|12
458 : 64|7|10
123 : 60|2|3
220 : 53|4|8
447 : 69|6|33
500 : 62|8|4
310 : 52|5|50
220 : 40|5|20
493 : 73|6|55
195 : 43|4|23
40 : 45|0|40
143 : 25|5|18
438 : 60|7|18
35 : 58|0|35
610 : 77|7|71
145 : 46|3|7
193 : 28|6|25
341 : 47|7|12
58 : 80|0|58
302 : 45|6|32
135 : 18|7|9
15 : 42|0|15
225 : 72|3|9
114 : 41|2|32
195 : 35|5|20
143 : 22|6|11
10 : 34|0|10
126 : 56|2|14
320 : 71|4|36
678 : 70|9|48
330 : 45|7|15
185 : 19|9|14
407 : 55|7|22
84 : 29|2|26
115 : 22|5|5
241 : 32|7|17
323 : 46|7|1
522 : 74|7|4
34 : 36|0|34
168 : 70|2|28
512 : 71|7|15
534 : 63|8|30
630 : 67|9|27
420 : 49|8|28
334 : 36|9|10
161 : 52|3|5
9 : 20|0|9
6 : 67|0|6
69 : 38|1|31
643 : 70|9|13
666 : 76|8|58
84 : 38|2|8
361 : 38|9|19
429 : 52|8|13
170 : 31|5|15
110 : 20|5|10
7 : 41|0|7
13 : 16|0|13
189 : 57|3|18
520 : 59|8|48
481 : 72|6|49
423 : 53|7|52
214 : 34|6|10
39 : 30|1|9
296 : 55|5|21
376 : 44|8|24
37 : 19|1|18
199 : 25|7|24
133 : 63|2|7
42 : 28|1|14
108 : 16|6|12
118 : 22|5|8
381 : 67|5|46
30 : 25|1|5
41 : 53|0|41
278 : 51|5|23
179 : 66|2|47
556 : 60|9|16
14 : 15|0|14
354 : 38|9|12
110 : 40|2|30
337 : 70|4|57
109 : 51|2|7
196 : 75|2|46
97 : 27|3|16
714 : 77|9|21
389 : 80|4|69
16 : 37|0|16
113 : 27|4|5
202 : 41|4|38
441 : 67|6|39
324 : 46|7|2
299 : 70|4|19
292 : 49|5|47
101 : 27|3|20
269 : 48|5|29
581 : 75|7|56
180 : 63|2|54
278 : 46|6|2
363 : 59|6|9
5 : 25|0|5
460 : 55|8|20
68 : 50|1|18
137 : 34|4|1
307 : 34|9|1
310 : 60|5|10
214 : 59|3|37
83 : 17|4|15
242 : 25|9|17
620 : 75|8|20
97 : 25|3|22
58 : 79|0|58
106 : 22|4|18
20 : 24|0|20
565 : 69|8|13
179 : 44|4|3
319 : 46|6|43
98 : 17|5|13
221 : 51|4|17
453 : 59|7|40
118 : 21|5|13
447 : 48|9|15
322 : 43|7|21
206 : 34|6|2
33 : 78|0|33
107 : 44|2|19
311 : 48|6|23
125 : 57|2|11
123 : 70|1|53
264 : 79|3|27
580 : 73|7|69
24 : 75|0|24
194 : 22|8|18
125 : 17|7|6
518 : 76|6|62
342 : 45|7|27
351 : 61|5|46
197 : 46|4|13
47 : 74|0|47
479 : 54|8|47
27 : 32|0|27
4 : 70|0|4
80 : 37|2|6
26 : 50|0|26
56 : 55|1|1
161 : 21|7|14
280 : 36|7|28
102 : 18|5|12
325 : 52|6|13
486 : 50|9|36
185 : 22|8|9
558 : 65|8|38
432 : 49|8|40
160 : 27|5|25
83 : 26|3|5
623 : 66|9|29
299 : 38|7|33
24 : 48|0|24
315 : 40|7|35
371 : 46|8|3
11 : 80|0|11
2 : 47|0|2
269 : 28|9|17
537 : 68|7|61
379 : 49|7|36
91 : 33|2|25
19 : 47|0|19
123 : 39|3|6
139 : 18|7|13
30 : 66|0|30
272 : 41|6|26
133 : 40|3|13
197 : 79|2|39
267 : 27|9|24
8 : 40|0|8
634 : 67|9|31
340 : 75|4|40
40 : 26|1|14
135 : 69|1|66
110 : 26|4|6
115 : 37|3|4
212 : 43|4|40
270 : 34|7|32
263 : 35|7|18
152 : 30|5|2
170 : 68|2|34
74 : 35|2|4
128 : 26|4|24
1 : 41|0|1
603 : 69|8|51
19 : 42|0|19
390 : 73|5|25
418 : 80|5|18
245 : 40|6|5
579 : 66|8|51
447 : 51|8|39
210 : 62|3|24
260 : 67|3|59
13 : 21|0|13
450 : 76|5|70
90 : 68|1|22
125 : 66|1|59
289 : 49|5|44
401 : 69|5|56
100 : 55|1|45
189 : 23|8|5
482 : 55|8|42
25 : 48|0|25
491 : 54|9|5
161 : 46|3|23
192 : 38|5|2
367 : 62|5|57
248 : 44|5|28
52 : 29|1|23
327 : 36|9|3
163 : 37|4|15
13 : 31|0|13
222 : 58|3|48
324 : 37|8|28
9 : 39|0|9
167 : 26|6|11
366 : 43|8|22
219 : 27|8|3
49 : 77|0|49
7 : 46|0|7
5 : 40|0|5
137 : 71|1|66
49 : 74|0|49
643 : 76|8|35
519 : 58|8|55
433 : 57|7|34
701 : 79|8|69
329 : 76|4|25
122 : 73|1|49
399 : 74|5|29
392 : 63|6|14
252 : 79|3|15
435 : 66|6|39
178 : 52|3|22
68 : 18|3|14
47 : 21|2|5
152 : 54|2|44
2 : 67|0|2
23 : 17|1|6
10 : 16|0|10
69 : 46|1|23
342 : 69|4|66
491 : 70|7|1
285 : 43|6|27
22 : 21|1|1
466 : 66|7|4
35 : 65|0|35
116 : 55|2|6
354 : 71|4|70
13 : 76|0|13
389 : 41|9|20
132 : 20|6|12
6 : 65|0|6
40 : 15|2|10
27 : 74|0|27
222 : 38|5|32
60 : 69|0|60
136 : 26|5|6
134 : 30|4|14
234 : 34|6|30
40 : 80|0|40
2 : 36|0|2
216 : 26|8|8
418 : 44|9|22
9 : 61|0|9
236 : 74|3|14
38 : 45|0|38
17 : 55|0|17
94 : 48|1|46
82 : 56|1|26
249 : 38|6|21
425 : 51|8|17
218 : 24|9|2
182 : 37|4|34
1 : 21|0|1
254 : 58|4|22
282 : 32|8|26
18 : 38|0|18
3 : 28|0|3
37 : 22|1|15
10 : 37|0|10
702 : 72|9|54
5 : 28|0|5
303 : 72|4|15
600 : 71|8|32
242 : 55|4|22
275 : 40|6|35
69 : 55|1|14
86 : 41|2|4
26 : 76|0|26
31 : 35|0|31
558 : 68|8|14
19 : 49|0|19
335 : 42|7|41
130 : 39|3|13
6 : 37|0|6
147 : 15|9|12
123 : 34|3|21
429 : 71|6|3
291 : 52|5|31
534 : 63|8|30
344 : 48|7|8
132 : 27|4|24
27 : 47|0|27
59 : 19|3|2
28 : 41|0|28
76 : 18|4|4
368 : 47|7|39
27 : 41|0|27
161 : 17|9|8
22 : 26|0|22
81 : 23|3|12
13 : 46|0|13
248 : 26|9|14
218 : 48|4|26
12 : 19|0|12
