633490 : 65|9746
317250 : 47|6750
85470 : 37|2310
53536 : 28|1912
222384 : 48|4633
443762 : 46|9647
24346 : 37|658
384146 : 46|8351
196695 : 45|4371
375375 : 77|4875
69102 : 66|1047
575190 : 77|7470
789536 : 88|8972
241032 : 83|2904
99549 : 81|1229
310695 : 77|4035
178756 : 29|6164
420825 : 93|4525
328860 : 90|3654
483420 : 70|6906
74048 : 64|1157
372020 : 89|4180
356865 : 37|9645
100386 : 39|2574
288512 : 64|4508
18986 : 22|863
526234 : 86|6119
164592 : 36|4572
165002 : 34|4853
13748 : 28|491
170832 : 48|3559
530630 : 94|5645
15600 : 60|260
206528 : 28|7376
144882 : 54|2683
264112 : 68|3884
411584 : 59|6976
208806 : 39|5354
3893 : 17|229
506292 : 62|8166
674053 : 97|6949
267331 : 43|6217
866712 : 88|9849
76626 : 33|2322
26040 : 14|1860
578350 : 86|6725
524370 : 66|7945
560748 : 83|6756
260256 : 48|5422
346112 : 64|5408
146140 : 20|7307
457479 : 99|4621
125132 : 14|8938
478744 : 56|8549
198940 : 49|4060
201871 : 23|8777
19824 : 21|944
309471 : 43|7197
162900 : 18|9050
263908 : 68|3881
60400 : 40|1510
68105 : 53|1285
67632 : 24|2818
117852 : 28|4209
390540 : 60|6509
137242 : 14|9803
352718 : 62|5689
272426 : 77|3538
257560 : 94|2740
54978 : 77|714
280868 : 49|5732
271712 : 56|4852
153594 : 53|2898
335996 : 76|4421
51930 : 90|577
117219 : 41|2859
30832 : 41|752
50670 : 90|563
42501 : 31|1371
118360 : 88|1345
123120 : 40|3078
154336 : 52|2968
381465 : 63|6055
783990 : 90|8711
75081 : 87|863
480928 : 56|8588
311400 : 72|4325
415008 : 96|4323
255930 : 95|2694
405888 : 42|9664
473440 : 88|5380
98098 : 26|3773
494312 : 52|9506
19512 : 18|1084
23880 : 12|1990
741000 : 75|9880
209608 : 28|7486
56848 : 68|836
21384 : 66|324
102882 : 26|3957
161882 : 31|5222
163419 : 19|8601
239944 : 89|2696
298966 : 83|3602
98800 : 19|5200
194675 : 65|2995
130680 : 36|3630
453815 : 85|5339
12528 : 36|348
448888 : 88|5101
30960 : 43|720
10184 : 67|152
205790 : 65|3166
15576 : 24|649
678300 : 75|9044
10137 : 93|109
110604 : 52|2127
196084 : 28|7003
25088 : 32|784
191815 : 65|2951
207060 : 87|2380
630800 : 95|6640
43624 : 76|574
667888 : 76|8788
186233 : 61|3053
223470 : 65|3438
126350 : 95|1330
186921 : 63|2967
168345 : 27|6235
102816 : 27|3808
60720 : 15|4048
548169 : 59|9291
54126 : 31|1746
182004 : 87|2092
532620 : 99|5380
88400 : 20|4420
504152 : 68|7414
99015 : 69|1435
69079 : 37|1867
598381 : 73|8197
40411 : 23|1757
654904 : 71|9224
145936 : 16|9121
222912 : 32|6966
382739 : 73|5243
273980 : 70|3914
211792 : 61|3472
761592 : 78|9764
93852 : 27|3476
758527 : 77|9851
64519 : 91|709
240955 : 65|3707
681375 : 69|9875
73770 : 30|2459
34890 : 30|1163
240540 : 76|3165
131511 : 59|2229
242406 : 67|3618
544812 : 83|6564
5141 : 97|53
257646 : 46|5601
93124 : 31|3004
744390 : 81|9190
569835 : 67|8505
616492 : 92|6701
5141 : 97|53
55935 : 33|1695
141208 : 19|7432
559874 : 98|5713
241296 : 48|5027
230218 : 59|3902
13488 : 16|843
111111 : 39|2849
241992 : 36|6722
140658 : 51|2758
198696 : 24|8279
116316 : 81|1436
124632 : 54|2308
488622 : 74|6603
134060 : 20|6703
18872 : 28|674
160678 : 46|3493
226413 : 99|2287
492975 : 75|6573
158640 : 60|2644
452720 : 80|5659
126555 : 13|9735
285705 : 63|4535
77872 : 62|1256
191884 : 89|2156
52416 : 36|1456
135360 : 20|6768
466250 : 50|9325
76080 : 24|3170
85384 : 52|1642
55770 : 22|2535
237798 : 99|2402
93806 : 17|5518
586224 : 59|9936
312405 : 59|5295
560700 : 75|7476
280227 : 87|3221
250654 : 46|5449
109840 : 80|1373
343617 : 47|7311
106425 : 55|1935
2002 : 26|77
496120 : 79|6280
274932 : 63|4364
47073 : 51|923
111000 : 37|3000
12816 : 12|1068
308142 : 57|5406
285246 : 39|7314
38740 : 52|745
272706 : 43|6342
47920 : 16|2995
66263 : 67|989
107736 : 67|1608
454477 : 59|7703
186576 : 24|7774
37000 : 50|740
133440 : 64|2085
48768 : 64|762
562115 : 95|5917
282360 : 78|3620
499577 : 83|6019
109404 : 18|6078
816672 : 96|8507
448957 : 79|5683
223032 : 24|9293
4410 : 14|315
99600 : 15|6640
37726 : 26|1451
177570 : 18|9865
497394 : 61|8154
362204 : 46|7874
322500 : 75|4300
65070 : 27|2410
59328 : 32|1854
422370 : 45|9386
30728 : 46|668
54928 : 16|3433
30132 : 12|2511
100110 : 15|6674
222028 : 47|4724
503616 : 96|5246
300560 : 34|8840
39633 : 11|3603
249018 : 66|3773
25461 : 69|369
323187 : 51|6337
75789 : 63|1203
176448 : 96|1838
685088 : 79|8672
85065 : 15|5671
86775 : 39|2225
660348 : 78|8466
13440 : 40|336
717314 : 94|7631
137334 : 47|2922
136305 : 39|3495
64700 : 50|1294
200141 : 61|3281
568639 : 71|8009
24864 : 21|1184
177654 : 58|3063
425250 : 70|6075
685542 : 94|7293
442860 : 55|8052
104941 : 17|6173
213690 : 30|7123
13425 : 25|537
292416 : 48|6092
198072 : 28|7074
203087 : 29|7003
336019 : 73|4603
351728 : 89|3952
502788 : 52|9669
11830 : 35|338
26928 : 24|1122
543456 : 72|7548
642880 : 70|9184
13005 : 45|289
95452 : 28|3409
516439 : 77|6707
565130 : 62|9115
377685 : 63|5995
627480 : 72|8715
101920 : 52|1960
600120 : 90|6668
195024 : 51|3824
230900 : 50|4618
578935 : 85|6811
514476 : 62|8298
26802 : 18|1489
167220 : 90|1858
52920 : 14|3780
582594 : 89|6546
160182 : 18|8899
45530 : 29|1570
247104 : 88|2808
192740 : 23|8380
345483 : 69|5007
231472 : 68|3404
2808 : 39|72
110376 : 56|1971
66352 : 13|5104
426303 : 81|5263
459774 : 82|5607
92170 : 26|3545
432124 : 61|7084
632996 : 94|6734
84240 : 90|936
140828 : 17|8284
178464 : 39|4576
158584 : 43|3688
95368 : 14|6812
40820 : 20|2041
27740 : 76|365
26972 : 44|613
729640 : 74|9860
48640 : 32|1520
33288 : 73|456
370523 : 53|6991
38583 : 27|1429
448293 : 89|5037
247408 : 56|4418
138898 : 37|3754
443196 : 52|8523
97442 : 83|1174
543870 : 90|6043
593704 : 94|6316
80940 : 57|1420
63200 : 50|1264
325040 : 68|4780
227032 : 74|3068
109908 : 43|2556
492704 : 89|5536
360003 : 79|4557
105179 : 17|6187
506678 : 74|6847
307285 : 37|8305
84720 : 60|1412
58248 : 18|3236
121845 : 15|8123
325512 : 33|9864
288512 : 32|9016
125560 : 73|1720
108864 : 48|2268
352751 : 49|7199
154780 : 71|2180
375191 : 41|9151
140744 : 73|1928
274620 : 46|5970
119910 : 35|3426
267540 : 60|4459
50585 : 67|755
451512 : 72|6271
321048 : 36|8918
372638 : 43|8666
38544 : 48|803
359252 : 76|4727
101244 : 22|4602
416020 : 44|9455
158289 : 57|2777
503503 : 91|5533
57792 : 48|1204
251711 : 37|6803
430900 : 50|8618
534184 : 56|9539
903830 : 95|9514
80172 : 51|1572
402636 : 78|5162
204765 : 51|4015
447720 : 65|6888
8280 : 69|120
655218 : 89|7362
199038 : 42|4739
13695 : 11|1245
204000 : 48|4250
76976 : 16|4811
240042 : 66|3637
201391 : 37|5443
121075 : 25|4843
801705 : 95|8439
183610 : 35|5246
741612 : 92|8061
438242 : 46|9527
96348 : 21|4588
8177 : 13|629
345891 : 91|3801
21360 : 30|712
37632 : 48|784
897024 : 96|9344
108264 : 26|4164
93886 : 46|2041
66105 : 39|1695
248092 : 26|9542
237728 : 38|6256
255696 : 48|5327
76084 : 92|827
327745 : 59|5555
291772 : 62|4706
647130 : 66|9805
209208 : 23|9096
465300 : 75|6204
123336 : 72|1713
240240 : 60|4004
90216 : 24|3759
216894 : 37|5862
91182 : 14|6513
282750 : 75|3770
340816 : 68|5012
498000 : 80|6225
386920 : 85|4552
352547 : 47|7501
581102 : 86|6757
298110 : 30|9937
280872 : 83|3384
186410 : 35|5326
326710 : 37|8830
19844 : 11|1804
317775 : 95|3345
27120 : 16|1695
584808 : 84|6962
131958 : 18|7331
24112 : 88|274
102486 : 19|5394
30576 : 12|2548
322044 : 47|6852
613392 : 78|7864
119459 : 17|7027
72156 : 21|3436
721112 : 79|9128
155652 : 51|3052
753228 : 84|8967
45764 : 34|1346
178552 : 88|2029
96530 : 35|2758
13091 : 19|689
8316 : 28|297
211497 : 29|7293
158625 : 27|5875
482196 : 78|6182
957 : 87|11
622844 : 94|6626
894069 : 99|9031
190728 : 36|5298
262037 : 67|3911
310176 : 72|4308
6465 : 15|431
78570 : 97|810
388896 : 48|8102
333143 : 79|4217
452848 : 83|5456
58080 : 80|726
102486 : 87|1178
154632 : 51|3032
611490 : 66|9265
671202 : 98|6849
387435 : 69|5615
492936 : 76|6486
169890 : 30|5663
427630 : 70|6109
8170 : 38|215
42172 : 52|811
12240 : 72|170
422172 : 81|5212
51576 : 28|1842
277380 : 60|4623
332906 : 43|7742
29491 : 77|383
8300 : 20|415
95854 : 22|4357
63470 : 55|1154
317360 : 40|7934
267989 : 29|9241
255094 : 49|5206
113856 : 16|7116
666761 : 71|9391
883980 : 90|9822
533414 : 98|5443
145420 : 20|7271
79400 : 50|1588
195492 : 33|5924
689850 : 90|7665
470351 : 49|9599
257803 : 91|2833
505725 : 55|9195
824964 : 84|9821
31108 : 11|2828
65156 : 14|4654
113043 : 21|5383
198702 : 63|3154
171108 : 18|9506
418080 : 60|6968
512533 : 73|7021
304110 : 90|3379
211590 : 30|7053
244545 : 35|6987
78186 : 83|942
581248 : 64|9082
504804 : 59|8556
292480 : 64|4570
432880 : 56|7730
343580 : 41|8380
1067 : 97|11
106132 : 26|4082
354613 : 49|7237
6050 : 55|110
30745 : 13|2365
19160 : 20|958
624312 : 92|6786
526320 : 86|6120
12672 : 72|176
437874 : 57|7682
190820 : 58|3290
180370 : 85|2122
520854 : 94|5541
85150 : 25|3406
104510 : 35|2986
30030 : 14|2145
237678 : 42|5659
69377 : 53|1309
279496 : 92|3038
24416 : 56|436
45291 : 93|487
35280 : 36|980
69888 : 91|768
163821 : 29|5649
344736 : 42|8208
256768 : 34|7552
538000 : 80|6725
797306 : 86|9271
288720 : 45|6416
795804 : 83|9588
873082 : 98|8909
117208 : 14|8372
113390 : 17|6670
463540 : 77|6020
263004 : 62|4242
546048 : 79|6912
335070 : 45|7446
251804 : 28|8993
55212 : 86|642
104591 : 41|2551
115280 : 40|2882
59922 : 18|3329
321139 : 91|3529
159274 : 97|1642
391461 : 49|7989
94511 : 29|3259
85425 : 67|1275
23480 : 40|587
703000 : 76|9250
96968 : 46|2108
48466 : 22|2203
34840 : 52|670
186505 : 55|3391
177332 : 86|2062
171990 : 42|4095
483408 : 54|8952
108580 : 89|1220
36585 : 45|813
67508 : 28|2411
77248 : 17|4544
309374 : 73|4238
149931 : 81|1851
474214 : 61|7774
677740 : 70|9682
237500 : 76|3125
843206 : 91|9266
60272 : 16|3767
273372 : 44|6213
531272 : 56|9487
166075 : 35|4745
433924 : 83|5228
600066 : 74|8109
678193 : 83|8171
5920 : 74|80
335479 : 37|9067
16992 : 59|288
615271 : 97|6343
266623 : 41|6503
293246 : 38|7717
510750 : 75|6810
13144 : 62|212
69300 : 63|1100
4275 : 15|285
409332 : 77|5316
380864 : 44|8656
33422 : 17|1966
203347 : 43|4729
174725 : 25|6989
26622 : 54|493
7824 : 48|163
391564 : 53|7388
317088 : 36|8808
358061 : 43|8327
39948 : 12|3329
19360 : 11|1760
146433 : 57|2569
119196 : 43|2772
162540 : 60|2709
212936 : 86|2476
325080 : 84|3870
117783 : 69|1707
10260 : 45|228
132192 : 51|2592
569114 : 59|9646
635663 : 71|8953
454916 : 49|9284
168982 : 22|7681
250750 : 59|4250
255712 : 32|7991
315350 : 35|9010
408268 : 98|4166
103037 : 19|5423
477620 : 52|9185
195377 : 91|2147
139455 : 27|5165
110808 : 19|5832
388751 : 59|6589
93206 : 58|1607
130970 : 35|3742
686566 : 97|7078
84420 : 84|1005
224604 : 68|3303
14553 : 77|189
854462 : 98|8719
44010 : 18|2445
338523 : 57|5939
172118 : 82|2099
152928 : 24|6372
127875 : 15|8525
403793 : 89|4537
450736 : 52|8668
38934 : 63|618
516320 : 56|9220
488547 : 57|8571
366196 : 83|4412
268812 : 27|9956
236845 : 35|6767
501495 : 67|7485
243600 : 29|8400
393689 : 73|5393
92344 : 14|6596
1404 : 36|39
81539 : 67|1217
284398 : 53|5366
151179 : 69|2191
397978 : 98|4061
45999 : 19|2421
108414 : 19|5706
527204 : 68|7753
160361 : 17|9433
73595 : 41|1795
279756 : 57|4908
571620 : 70|8166
568872 : 72|7901
468544 : 64|7321
80906 : 14|5779
93940 : 14|6710
11325 : 25|453
164968 : 34|4852
631180 : 76|8305
256536 : 56|4581
56376 : 29|1944
957068 : 98|9766
692037 : 71|9747
85904 : 14|6136
219667 : 49|4483
90018 : 54|1667
143783 : 59|2437
326976 : 96|3406
113709 : 87|1307
208010 : 61|3410
288532 : 53|5444
640112 : 88|7274
90720 : 16|5670
316305 : 55|5751
274758 : 69|3982
11744 : 32|367
174817 : 59|2963
764126 : 94|8129
15774 : 66|239
127644 : 66|1934
77740 : 92|845
32178 : 31|1038
55539 : 11|5049
6580 : 94|70
197120 : 80|2464
97384 : 28|3478
505505 : 91|5555
36480 : 57|640
496614 : 74|6711
552475 : 77|7175
118888 : 44|2702
47117 : 53|889
186384 : 66|2824
47187 : 63|749
353160 : 81|4360
339958 : 43|7906
32952 : 12|2746
104286 : 13|8022
95446 : 26|3671
365566 : 94|3889
93960 : 81|1160
86160 : 40|2154
758472 : 88|8619
87115 : 35|2489
304928 : 52|5864
278964 : 36|7749
203338 : 38|5351
34068 : 34|1002
355266 : 43|8262
422740 : 46|9190
39308 : 31|1268
122853 : 93|1321
20808 : 17|1224
458370 : 90|5093
417352 : 52|8026
38608 : 76|508
257244 : 26|9894
308112 : 56|5502
515968 : 58|8896
329630 : 70|4709
350460 : 54|6490
128960 : 20|6448
185696 : 32|5803
639236 : 76|8411
204710 : 22|9305
72848 : 29|2512
937699 : 97|9667
495648 : 96|5163
149904 : 48|3123
33210 : 41|810
267979 : 89|3011
291118 : 94|3097
548757 : 69|7953
163804 : 31|5284
299376 : 33|9072
11584 : 16|724
19292 : 53|364
203013 : 73|2781
62766 : 18|3487
445154 : 73|6098
396011 : 77|5143
274464 : 96|2859
147591 : 23|6417
262675 : 79|3325
305096 : 88|3467
567000 : 63|9000
469566 : 57|8238
5168 : 34|152
393250 : 65|6050
23856 : 12|1988
114767 : 43|2669
242712 : 36|6742
556339 : 89|6251
359328 : 57|6304
270156 : 47|5748
674388 : 99|6812
214430 : 82|2615
770308 : 82|9394
30363 : 29|1047
100362 : 43|2334
306600 : 84|3650
80066 : 86|931
397880 : 40|9947
200320 : 32|6260
178728 : 88|2031
204720 : 40|5118
110832 : 48|2309
196692 : 37|5316
35496 : 24|1479
337194 : 66|5109
189596 : 44|4309
67488 : 74|912
747224 : 92|8122
219072 : 84|2608
83398 : 74|1127
698556 : 92|7593
485628 : 66|7358
57204 : 21|2724
74175 : 15|4945
93210 : 26|3585
480998 : 86|5593
777114 : 82|9477
519025 : 65|7985
183434 : 41|4474
170724 : 82|2082
270858 : 42|6449
74520 : 18|4140
67782 : 39|1738
165022 : 26|6347
154105 : 85|1813
267080 : 44|6070
184992 : 24|7708
161840 : 70|2312
136556 : 14|9754
146170 : 94|1555
217890 : 81|2690
75296 : 26|2896
1958 : 89|22
54270 : 90|603
299430 : 54|5545
176792 : 56|3157
182637 : 39|4683
216270 : 54|4005
8780 : 20|439
56576 : 17|3328
323920 : 80|4049
67332 : 93|724
186783 : 69|2707
267050 : 98|2725
206505 : 39|5295
877990 : 95|9242
61465 : 95|647
289645 : 53|5465
342930 : 46|7455
582426 : 78|7467
41250 : 25|1650
246420 : 30|8214
545468 : 92|5929
298232 : 44|6778
493210 : 74|6665
153792 : 64|2403
184800 : 60|3080
404292 : 84|4813
504774 : 58|8703
168140 : 28|6005
681002 : 98|6949
9541 : 29|329
567812 : 98|5794
563762 : 61|9242
45600 : 76|600
130906 : 58|2257
73260 : 30|2442
553413 : 73|7581
170730 : 18|9485
335200 : 80|4190
353722 : 71|4982
273933 : 33|8301
149750 : 25|5990
351144 : 36|9754
170784 : 48|3558
128072 : 14|9148
37788 : 94|402
340186 : 94|3619
697977 : 81|8617
317684 : 86|3694
207698 : 29|7162
123984 : 21|5904
6279 : 23|273
158184 : 39|4056
104546 : 26|4021
222860 : 44|5065
273896 : 28|9782
553012 : 92|6011
177882 : 23|7734
505062 : 54|9353
249816 : 28|8922
253012 : 43|5884
24462 : 18|1359
98874 : 27|3662
21549 : 33|653
577792 : 61|9472
228528 : 36|6348
36939 : 21|1759
821826 : 89|9234
373838 : 94|3977
219180 : 78|2810
62048 : 56|1108
52104 : 24|2171
514962 : 61|8442
267665 : 67|3995
542938 : 58|9361
6810 : 15|454
227040 : 48|4730
105840 : 84|1260
143568 : 72|1994
268960 : 41|6560
125378 : 82|1529
65680 : 16|4105
454145 : 61|7445
41616 : 48|867
533194 : 58|9193
261738 : 37|7074
114390 : 31|3690
59010 : 35|1686
16150 : 38|425
193868 : 34|5702
65072 : 83|784
604640 : 80|7558
608028 : 69|8812
158592 : 96|1652
103950 : 55|1890
166240 : 20|8312
430352 : 52|8276
248880 : 80|3111
491304 : 66|7444
2016 : 72|28
160797 : 21|7657
538412 : 82|6566
393120 : 63|6240
229706 : 86|2671
453720 : 76|5970
356330 : 65|5482
472122 : 63|7494
128051 : 77|1663
152160 : 16|9510
59307 : 53|1119
153476 : 68|2257
249930 : 30|8331
555872 : 58|9584
364572 : 39|9348
141210 : 45|3138
254696 : 26|9796
287070 : 30|9569
377692 : 98|3854
569291 : 59|9649
57816 : 36|1606
10356 : 12|863
16169 : 19|851
3140 : 20|157
694966 : 86|8081
273636 : 66|4146
51870 : 13|3990
360270 : 45|8006
611442 : 78|7839
72908 : 11|6628
276136 : 28|9862
234952 : 43|5464
396600 : 60|6610
504573 : 79|6387
339521 : 49|6929
93412 : 22|4246
134235 : 19|7065
182336 : 44|4144
73437 : 39|1883
247194 : 93|2658
337440 : 80|4218
108848 : 16|6803
38808 : 44|882
54450 : 15|3630
10625 : 85|125
106000 : 53|2000
30051 : 27|1113
401898 : 98|4101
839705 : 95|8839
512720 : 58|8840
322840 : 56|5765
127320 : 24|5305
216216 : 52|4158
272020 : 35|7772
111612 : 12|9301
272580 : 42|6490
33969 : 67|507
32796 : 36|911
151145 : 43|3515
183679 : 83|2213
56370 : 15|3758
116136 : 12|9678
45122 : 22|2051
75257 : 13|5789
100947 : 69|1463
256080 : 40|6402
65552 : 34|1928
885521 : 91|9731
672888 : 69|9752
11300 : 25|452
24556 : 14|1754
519400 : 98|5300
50460 : 20|2523
424120 : 92|4610
164274 : 19|8646
517260 : 60|8621
115884 : 12|9657
13900 : 50|278
847776 : 96|8831
279510 : 42|6655
83996 : 44|1909
231921 : 73|3177
159866 : 38|4207
104820 : 15|6988
143374 : 19|7546
130235 : 35|3721
50940 : 12|4245
135412 : 97|1396
10215 : 45|227
490770 : 82|5985
198588 : 26|7638
106191 : 81|1311
124320 : 35|3552
65518 : 34|1927
410298 : 42|9769
294066 : 62|4743
192375 : 81|2375
