408 : 6|68
315 : 9|35
192 : 3|64
175 : 5|35
192 : 4|48
256 : 4|64
48 : 1|48
252 : 7|36
621 : 9|69
108 : 4|27
184 : 8|23
414 : 6|69
32 : 2|16
161 : 7|23
40 : 1|40
203 : 7|29
129 : 3|43
392 : 8|49
84 : 4|21
432 : 8|54
76 : 4|19
279 : 9|31
544 : 8|68
150 : 2|75
132 : 4|33
207 : 3|69
48 : 1|48
72 : 1|72
513 : 9|57
476 : 7|68
70 : 1|70
330 : 5|66
171 : 9|19
205 : 5|41
200 : 5|40
123 : 3|41
116 : 4|29
112 : 2|56
48 : 3|16
405 : 9|45
20 : 1|20
141 : 3|47
145 : 5|29
441 : 7|63
639 : 9|71
456 : 8|57
280 : 7|40
160 : 5|32
531 : 9|59
264 : 8|33
504 : 9|56
168 : 7|24
62 : 1|62
46 : 1|46
88 : 2|44
34 : 2|17
384 : 8|48
99 : 3|33
144 : 6|24
92 : 2|46
384 : 8|48
639 : 9|71
240 : 5|48
200 : 5|40
216 : 4|54
568 : 8|71
216 : 6|36
427 : 7|61
224 : 4|56
427 : 7|61
385 : 7|55
266 : 7|38
112 : 2|56
304 : 8|38
288 : 4|72
400 : 8|50
260 : 4|65
280 : 7|40
160 : 2|80
380 : 5|76
53 : 1|53
56 : 1|56
252 : 7|36
684 : 9|76
345 : 5|69
552 : 8|69
396 : 6|66
240 : 4|60
115 : 5|23
432 : 6|72
90 : 6|15
189 : 7|27
126 : 6|21
54 : 2|27
28 : 1|28
231 : 7|33
244 : 4|61
95 : 5|19
366 : 6|61
612 : 9|68
511 : 7|73
144 : 3|48
308 : 4|77
162 : 6|27
126 : 7|18
190 : 5|38
693 : 9|77
24 : 1|24
357 : 7|51
119 : 7|17
408 : 6|68
450 : 9|50
200 : 5|40
476 : 7|68
378 : 7|54
70 : 2|35
336 : 7|48
120 : 6|20
146 : 2|73
560 : 7|80
84 : 4|21
196 : 4|49
153 : 9|17
315 : 9|35
600 : 8|75
25 : 1|25
160 : 8|20
59 : 1|59
69 : 3|23
376 : 8|47
75 : 5|15
224 : 4|56
123 : 3|41
336 : 6|56
244 : 4|61
295 : 5|59
88 : 4|22
348 : 6|58
38 : 2|19
126 : 7|18
39 : 1|39
512 : 8|64
88 : 2|44
189 : 3|63
396 : 6|66
81 : 3|27
198 : 6|33
92 : 4|23
84 : 4|21
62 : 2|31
87 : 3|29
115 : 5|23
189 : 9|21
60 : 3|20
38 : 2|19
630 : 9|70
108 : 6|18
201 : 3|67
145 : 5|29
59 : 1|59
64 : 4|16
190 : 5|38
560 : 7|80
330 : 6|55
148 : 2|74
400 : 5|80
222 : 3|74
532 : 7|76
224 : 8|28
87 : 3|29
335 : 5|67
414 : 6|69
36 : 1|36
252 : 9|28
216 : 6|36
315 : 9|35
480 : 6|80
120 : 6|20
76 : 4|19
160 : 4|40
72 : 2|36
120 : 8|15
474 : 6|79
192 : 3|64
90 : 6|15
292 : 4|73
73 : 1|73
322 : 7|46
335 : 5|67
544 : 8|68
256 : 4|64
138 : 3|46
711 : 9|79
48 : 3|16
378 : 7|54
330 : 5|66
40 : 1|40
146 : 2|73
160 : 8|20
228 : 6|38
75 : 3|25
224 : 8|28
104 : 2|52
720 : 9|80
114 : 6|19
105 : 7|15
315 : 7|45
94 : 2|47
44 : 2|22
120 : 4|30
66 : 2|33
329 : 7|47
216 : 9|24
84 : 2|42
144 : 6|24
125 : 5|25
57 : 3|19
47 : 1|47
55 : 1|55
156 : 3|52
438 : 6|73
368 : 8|46
74 : 2|37
392 : 7|56
252 : 6|42
46 : 1|46
42 : 2|21
208 : 4|52
531 : 9|59
86 : 2|43
496 : 8|62
288 : 4|72
145 : 5|29
158 : 2|79
376 : 8|47
57 : 1|57
219 : 3|73
42 : 2|21
378 : 9|42
320 : 8|40
220 : 4|55
472 : 8|59
200 : 4|50
235 : 5|47
90 : 6|15
52 : 1|52
292 : 4|73
174 : 3|58
360 : 6|60
57 : 3|19
201 : 3|67
240 : 8|30
213 : 3|71
483 : 7|69
105 : 5|21
156 : 3|52
104 : 2|52
318 : 6|53
128 : 2|64
34 : 1|34
110 : 5|22
36 : 2|18
216 : 3|72
320 : 5|64
284 : 4|71
32 : 2|16
140 : 5|28
189 : 9|21
32 : 1|32
308 : 7|44
288 : 6|48
150 : 6|25
387 : 9|43
150 : 3|50
61 : 1|61
80 : 1|80
60 : 2|30
496 : 8|62
295 : 5|59
312 : 6|52
126 : 3|42
189 : 7|27
568 : 8|71
657 : 9|73
152 : 8|19
168 : 4|42
378 : 7|54
126 : 2|63
136 : 8|17
168 : 6|28
120 : 6|20
58 : 1|58
237 : 3|79
285 : 5|57
42 : 1|42
112 : 2|56
225 : 9|25
666 : 9|74
186 : 6|31
222 : 3|74
469 : 7|67
378 : 7|54
552 : 8|69
408 : 6|68
558 : 9|62
292 : 4|73
184 : 8|23
162 : 6|27
228 : 3|76
90 : 2|45
158 : 2|79
68 : 2|34
390 : 5|78
420 : 7|60
455 : 7|65
290 : 5|58
144 : 9|16
225 : 5|45
40 : 2|20
325 : 5|65
630 : 9|70
55 : 1|55
424 : 8|53
315 : 9|35
180 : 6|30
462 : 7|66
434 : 7|62
54 : 1|54
630 : 9|70
122 : 2|61
576 : 9|64
46 : 1|46
54 : 2|27
138 : 6|23
46 : 1|46
315 : 9|35
284 : 4|71
355 : 5|71
162 : 6|27
124 : 4|31
135 : 9|15
102 : 6|17
112 : 4|28
104 : 2|52
711 : 9|79
105 : 7|15
66 : 1|66
108 : 3|36
540 : 9|60
558 : 9|62
324 : 6|54
336 : 7|48
165 : 3|55
32 : 2|16
110 : 5|22
100 : 2|50
132 : 4|33
320 : 4|80
180 : 4|45
135 : 9|15
42 : 1|42
486 : 9|54
60 : 2|30
136 : 8|17
316 : 4|79
256 : 8|32
632 : 8|79
640 : 8|80
300 : 6|50
34 : 1|34
432 : 6|72
315 : 9|35
130 : 5|26
304 : 4|76
684 : 9|76
135 : 5|27
66 : 3|22
260 : 4|65
525 : 7|75
99 : 3|33
420 : 6|70
213 : 3|71
539 : 7|77
213 : 3|71
132 : 3|44
400 : 5|80
434 : 7|62
200 : 8|25
616 : 8|77
258 : 6|43
110 : 2|55
171 : 9|19
57 : 1|57
148 : 2|74
232 : 4|58
76 : 2|38
711 : 9|79
184 : 4|46
657 : 9|73
476 : 7|68
306 : 6|51
414 : 6|69
260 : 5|52
365 : 5|73
110 : 2|55
34 : 2|17
480 : 6|80
140 : 5|28
15 : 1|15
231 : 7|33
100 : 4|25
343 : 7|49
216 : 4|54
58 : 2|29
720 : 9|80
252 : 9|28
155 : 5|31
147 : 7|21
402 : 6|67
592 : 8|74
52 : 1|52
64 : 4|16
424 : 8|53
270 : 9|30
67 : 1|67
54 : 1|54
165 : 5|33
224 : 4|56
260 : 5|52
648 : 9|72
192 : 4|48
195 : 3|65
246 : 6|41
112 : 4|28
129 : 3|43
156 : 3|52
40 : 2|20
126 : 2|63
136 : 2|68
142 : 2|71
240 : 8|30
88 : 2|44
408 : 8|51
200 : 4|50
236 : 4|59
497 : 7|71
30 : 1|30
62 : 2|31
297 : 9|33
128 : 8|16
138 : 2|69
296 : 8|37
46 : 1|46
455 : 7|65
24 : 1|24
294 : 7|42
60 : 4|15
175 : 7|25
25 : 1|25
126 : 3|42
44 : 1|44
448 : 8|56
180 : 6|30
612 : 9|68
140 : 2|70
95 : 5|19
33 : 1|33
96 : 4|24
40 : 1|40
234 : 3|78
511 : 7|73
60 : 1|60
390 : 6|65
168 : 8|21
126 : 7|18
88 : 2|44
47 : 1|47
80 : 5|16
63 : 1|63
666 : 9|74
252 : 6|42
52 : 2|26
100 : 2|50
231 : 3|77
720 : 9|80
320 : 4|80
102 : 3|34
264 : 4|66
608 : 8|76
312 : 6|52
216 : 4|54
228 : 4|57
134 : 2|67
272 : 4|68
512 : 8|64
366 : 6|61
343 : 7|49
350 : 7|50
41 : 1|41
108 : 6|18
48 : 1|48
408 : 8|51
51 : 3|17
261 : 9|29
168 : 7|24
450 : 6|75
24 : 1|24
62 : 2|31
264 : 6|44
528 : 8|66
630 : 9|70
168 : 3|56
336 : 6|56
78 : 3|26
348 : 6|58
135 : 5|27
228 : 3|76
272 : 4|68
69 : 1|69
360 : 8|45
66 : 1|66
450 : 9|50
108 : 4|27
621 : 9|69
78 : 1|78
123 : 3|41
324 : 9|36
333 : 9|37
287 : 7|41
513 : 9|57
46 : 1|46
462 : 6|77
368 : 8|46
207 : 9|23
76 : 4|19
122 : 2|61
532 : 7|76
128 : 2|64
343 : 7|49
504 : 9|56
290 : 5|58
248 : 8|31
130 : 5|26
96 : 3|32
224 : 8|28
480 : 8|60
180 : 3|60
156 : 2|78
44 : 2|22
525 : 7|75
462 : 6|77
276 : 6|46
273 : 7|39
36 : 1|36
42 : 1|42
75 : 3|25
324 : 9|36
216 : 9|24
116 : 2|58
93 : 3|31
60 : 2|30
73 : 1|73
158 : 2|79
200 : 8|25
217 : 7|31
160 : 8|20
560 : 7|80
63 : 1|63
222 : 3|74
182 : 7|26
120 : 3|40
312 : 6|52
315 : 7|45
175 : 7|25
536 : 8|67
210 : 7|30
58 : 1|58
140 : 5|28
511 : 7|73
87 : 3|29
90 : 5|18
70 : 2|35
73 : 1|73
224 : 4|56
84 : 2|42
168 : 6|28
210 : 7|30
76 : 1|76
100 : 2|50
222 : 3|74
124 : 2|62
40 : 2|20
504 : 8|63
335 : 5|67
455 : 7|65
324 : 6|54
156 : 6|26
280 : 5|56
171 : 3|57
316 : 4|79
297 : 9|33
135 : 3|45
215 : 5|43
50 : 2|25
30 : 2|15
61 : 1|61
74 : 2|37
520 : 8|65
414 : 6|69
84 : 2|42
232 : 8|29
28 : 1|28
455 : 7|65
180 : 9|20
100 : 2|50
448 : 7|64
336 : 8|42
518 : 7|74
70 : 2|35
420 : 7|60
616 : 8|77
350 : 7|50
68 : 4|17
248 : 8|31
90 : 3|30
231 : 3|77
238 : 7|34
65 : 1|65
60 : 1|60
62 : 1|62
322 : 7|46
155 : 5|31
76 : 1|76
405 : 9|45
150 : 6|25
448 : 8|56
138 : 3|46
106 : 2|53
45 : 1|45
224 : 7|32
612 : 9|68
315 : 7|45
376 : 8|47
259 : 7|37
42 : 2|21
414 : 6|69
212 : 4|53
259 : 7|37
504 : 8|63
60 : 1|60
135 : 5|27
168 : 6|28
156 : 2|78
114 : 2|57
76 : 4|19
216 : 8|27
162 : 3|54
168 : 6|28
78 : 1|78
360 : 6|60
585 : 9|65
102 : 6|17
480 : 6|80
58 : 1|58
52 : 2|26
104 : 4|26
161 : 7|23
469 : 7|67
110 : 2|55
54 : 2|27
40 : 2|20
312 : 6|52
324 : 6|54
310 : 5|62
190 : 5|38
49 : 1|49
292 : 4|73
427 : 7|61
165 : 5|33
162 : 9|18
369 : 9|41
204 : 3|68
496 : 8|62
616 : 8|77
504 : 7|72
44 : 1|44
165 : 5|33
185 : 5|37
124 : 2|62
306 : 9|34
160 : 5|32
702 : 9|78
96 : 6|16
100 : 4|25
208 : 8|26
272 : 8|34
180 : 4|45
477 : 9|53
350 : 7|50
62 : 1|62
294 : 6|49
276 : 6|46
424 : 8|53
25 : 1|25
408 : 8|51
132 : 4|33
464 : 8|58
301 : 7|43
264 : 4|66
190 : 5|38
360 : 9|40
67 : 1|67
416 : 8|52
135 : 5|27
78 : 1|78
40 : 1|40
244 : 4|61
43 : 1|43
215 : 5|43
67 : 1|67
175 : 7|25
264 : 8|33
56 : 2|28
264 : 6|44
255 : 5|51
284 : 4|71
376 : 8|47
20 : 1|20
288 : 6|48
365 : 5|73
608 : 8|76
648 : 9|72
265 : 5|53
336 : 8|42
135 : 3|45
120 : 5|24
536 : 8|67
152 : 2|76
702 : 9|78
504 : 7|72
224 : 8|28
392 : 7|56
168 : 7|24
488 : 8|61
102 : 3|34
532 : 7|76
472 : 8|59
32 : 2|16
264 : 8|33
23 : 1|23
152 : 4|38
414 : 9|46
120 : 5|24
295 : 5|59
88 : 4|22
264 : 8|33
357 : 7|51
129 : 3|43
56 : 1|56
104 : 4|26
280 : 5|56
104 : 2|52
560 : 8|70
64 : 4|16
62 : 1|62
108 : 3|36
48 : 2|24
68 : 1|68
312 : 6|52
320 : 5|64
213 : 3|71
64 : 2|32
180 : 3|60
77 : 1|77
336 : 8|42
30 : 1|30
20 : 1|20
114 : 6|19
476 : 7|68
93 : 3|31
125 : 5|25
287 : 7|41
144 : 8|18
335 : 5|67
38 : 2|19
69 : 1|69
71 : 1|71
351 : 9|39
237 : 3|79
219 : 3|73
30 : 1|30
153 : 3|51
335 : 5|67
161 : 7|23
312 : 4|78
248 : 4|62
288 : 8|36
110 : 5|22
57 : 1|57
105 : 7|15
72 : 4|18
76 : 2|38
344 : 8|43
450 : 6|75
312 : 4|78
104 : 2|52
258 : 6|43
34 : 2|17
64 : 2|32
79 : 1|79
88 : 2|44
594 : 9|66
192 : 4|48
56 : 1|56
184 : 8|23
60 : 3|20
462 : 7|66
400 : 5|80
280 : 5|56
126 : 6|21
76 : 1|76
385 : 7|55
280 : 8|35
335 : 5|67
67 : 1|67
138 : 3|46
395 : 5|79
72 : 1|72
80 : 2|40
432 : 9|48
234 : 3|78
171 : 9|19
558 : 9|62
260 : 4|65
333 : 9|37
144 : 8|18
165 : 5|33
108 : 2|54
88 : 4|22
612 : 9|68
68 : 1|68
476 : 7|68
32 : 1|32
150 : 6|25
42 : 1|42
90 : 5|18
189 : 3|63
170 : 5|34
144 : 4|36
600 : 8|75
621 : 9|69
188 : 4|47
420 : 6|70
171 : 3|57
273 : 7|39
224 : 8|28
96 : 4|24
576 : 9|64
416 : 8|52
66 : 3|22
434 : 7|62
38 : 1|38
175 : 7|25
553 : 7|79
140 : 4|35
180 : 9|20
60 : 2|30
110 : 5|22
232 : 8|29
504 : 9|56
189 : 7|27
357 : 7|51
434 : 7|62
104 : 2|52
260 : 5|52
38 : 2|19
371 : 7|53
36 : 1|36
234 : 6|39
160 : 2|80
342 : 6|57
258 : 6|43
480 : 8|60
92 : 2|46
245 : 7|35
180 : 6|30
385 : 5|77
232 : 8|29
50 : 1|50
657 : 9|73
60 : 1|60
90 : 6|15
261 : 9|29
188 : 4|47
26 : 1|26
161 : 7|23
234 : 6|39
133 : 7|19
310 : 5|62
74 : 2|37
325 : 5|65
540 : 9|60
31 : 1|31
395 : 5|79
26 : 1|26
567 : 9|63
405 : 9|45
616 : 8|77
639 : 9|71
189 : 7|27
165 : 3|55
450 : 6|75
486 : 9|54
720 : 9|80
95 : 5|19
80 : 5|16
276 : 4|69
116 : 4|29
497 : 7|71
62 : 1|62
174 : 3|58
186 : 6|31
399 : 7|57
118 : 2|59
92 : 4|23
144 : 6|24
371 : 7|53
448 : 7|64
336 : 6|56
276 : 4|69
198 : 9|22
185 : 5|37
567 : 9|63
88 : 4|22
200 : 4|50
196 : 4|49
248 : 4|62
371 : 7|53
115 : 5|23
168 : 4|42
225 : 9|25
243 : 9|27
370 : 5|74
136 : 8|17
330 : 5|66
312 : 4|78
115 : 5|23
90 : 2|45
300 : 5|60
132 : 2|66
112 : 4|28
132 : 3|44
180 : 3|60
378 : 6|63
140 : 4|35
648 : 9|72
378 : 7|54
94 : 2|47
413 : 7|59
42 : 1|42
175 : 7|25
364 : 7|52
252 : 4|63
42 : 1|42
140 : 7|20
400 : 8|50
220 : 4|55
165 : 5|33
95 : 5|19
17 : 1|17
120 : 5|24
90 : 2|45
330 : 6|55
396 : 9|44
480 : 8|60
432 : 6|72
222 : 3|74
224 : 7|32
468 : 6|78
114 : 2|57
120 : 6|20
117 : 3|39
147 : 7|21
200 : 5|40
171 : 9|19
98 : 2|49
88 : 4|22
284 : 4|71
80 : 2|40
42 : 1|42
576 : 9|64
630 : 9|70
324 : 9|36
78 : 2|39
80 : 2|40
455 : 7|65
264 : 8|33
158 : 2|79
19 : 1|19
134 : 2|67
