33 * 32|1056
32 * 69|2208
34 * 35|1190
24 * 79|1896
29 * 80|2320
25 * 49|1225
20 * 48|960
34 * 35|1190
66 * 58|3828
52 * 65|3380
69 * 18|1242
19 * 64|1216
32 * 64|2048
78 * 40|3120
41 * 69|2829
40 * 41|1640
33 * 34|1122
26 * 73|1898
78 * 78|6084
48 * 21|1008
17 * 71|1207
52 * 16|832
45 * 77|3465
55 * 30|1650
78 * 46|3588
62 * 19|1178
37 * 71|2627
80 * 25|2000
73 * 60|4380
33 * 65|2145
63 * 49|3087
59 * 62|3658
36 * 42|1512
80 * 77|6160
56 * 23|1288
19 * 34|646
79 * 45|3555
26 * 29|754
62 * 41|2542
27 * 55|1485
55 * 34|1870
47 * 37|1739
69 * 70|4830
26 * 76|1976
53 * 40|2120
15 * 32|480
54 * 22|1188
35 * 78|2730
79 * 77|6083
48 * 42|2016
20 * 25|500
30 * 45|1350
21 * 51|1071
25 * 36|900
36 * 44|1584
43 * 80|3440
36 * 67|2412
73 * 33|2409
53 * 19|1007
76 * 22|1672
36 * 38|1368
59 * 78|4602
68 * 58|3944
17 * 53|901
74 * 38|2812
65 * 19|1235
22 * 21|462
15 * 63|945
18 * 74|1332
31 * 38|1178
67 * 79|5293
59 * 35|2065
30 * 41|1230
35 * 67|2345
16 * 18|288
62 * 36|2232
27 * 19|513
27 * 37|999
40 * 17|680
37 * 32|1184
26 * 47|1222
36 * 50|1800
16 * 18|288
44 * 71|3124
20 * 49|980
20 * 65|1300
49 * 27|1323
66 * 71|4686
63 * 67|4221
36 * 62|2232
77 * 46|3542
30 * 16|480
39 * 39|1521
29 * 18|522
60 * 16|960
34 * 62|2108
30 * 36|1080
57 * 49|2793
52 * 37|1924
17 * 35|595
26 * 65|1690
69 * 36|2484
35 * 68|2380
57 * 71|4047
40 * 76|3040
63 * 59|3717
27 * 35|945
79 * 37|2923
18 * 15|270
49 * 60|2940
27 * 36|972
71 * 60|4260
48 * 37|1776
64 * 34|2176
45 * 58|2610
76 * 69|5244
67 * 19|1273
39 * 38|1482
44 * 44|1936
31 * 79|2449
80 * 26|2080
78 * 51|3978
62 * 32|1984
80 * 75|6000
38 * 68|2584
26 * 73|1898
69 * 74|5106
52 * 31|1612
46 * 24|1104
60 * 74|4440
41 * 36|1476
18 * 28|504
51 * 79|4029
40 * 69|2760
22 * 60|1320
27 * 34|918
70 * 52|3640
61 * 38|2318
20 * 48|960
52 * 56|2912
79 * 47|3713
51 * 24|1224
62 * 66|4092
62 * 70|4340
73 * 59|4307
22 * 42|924
72 * 24|1728
63 * 30|1890
18 * 39|702
52 * 70|3640
55 * 74|4070
36 * 32|1152
44 * 42|1848
16 * 21|336
67 * 31|2077
17 * 54|918
51 * 15|765
26 * 80|2080
20 * 75|1500
51 * 27|1377
32 * 36|1152
53 * 66|3498
18 * 58|1044
68 * 45|3060
34 * 34|1156
76 * 67|5092
59 * 68|4012
28 * 27|756
49 * 64|3136
22 * 65|1430
63 * 64|4032
65 * 65|4225
17 * 69|1173
48 * 21|1008
16 * 42|672
78 * 41|3198
44 * 65|2860
59 * 71|4189
49 * 51|2499
41 * 22|902
41 * 67|2747
80 * 32|2560
49 * 40|1960
37 * 28|1036
68 * 65|4420
25 * 34|850
74 * 73|5402
63 * 64|4032
43 * 76|3268
72 * 70|5040
20 * 68|1360
57 * 27|1539
25 * 31|775
21 * 23|483
36 * 17|612
15 * 52|780
54 * 77|4158
29 * 46|1334
15 * 57|855
65 * 40|2600
60 * 51|3060
53 * 22|1166
60 * 52|3120
71 * 33|2343
55 * 29|1595
49 * 31|1519
18 * 60|1080
53 * 39|2067
43 * 44|1892
36 * 28|1008
66 * 43|2838
35 * 51|1785
57 * 26|1482
19 * 34|646
28 * 53|1484
52 * 16|832
60 * 70|4200
59 * 57|3363
52 * 19|988
56 * 21|1176
64 * 64|4096
22 * 68|1496
32 * 36|1152
30 * 55|1650
26 * 79|2054
55 * 68|3740
28 * 70|1960
45 * 22|990
22 * 17|374
62 * 40|2480
68 * 19|1292
37 * 46|1702
57 * 67|3819
56 * 45|2520
29 * 41|1189
73 * 31|2263
25 * 17|425
54 * 17|918
38 * 28|1064
70 * 20|1400
48 * 42|2016
32 * 29|928
79 * 74|5846
38 * 65|2470
67 * 52|3484
34 * 37|1258
55 * 37|2035
17 * 70|1190
37 * 59|2183
50 * 60|3000
27 * 37|999
44 * 38|1672
46 * 74|3404
42 * 27|1134
49 * 57|2793
58 * 36|2088
47 * 22|1034
73 * 37|2701
68 * 60|4080
68 * 49|3332
56 * 29|1624
35 * 43|1505
63 * 22|1386
68 * 37|2516
26 * 15|390
63 * 53|3339
47 * 30|1410
55 * 30|1650
53 * 36|1908
63 * 18|1134
17 * 27|459
41 * 19|779
20 * 28|560
39 * 27|1053
44 * 45|1980
80 * 20|1600
46 * 40|1840
56 * 59|3304
39 * 66|2574
34 * 24|816
62 * 22|1364
19 * 60|1140
76 * 23|1748
50 * 21|1050
34 * 47|1598
40 * 68|2720
70 * 27|1890
80 * 38|3040
15 * 79|1185
46 * 72|3312
72 * 17|1224
66 * 77|5082
74 * 36|2664
19 * 75|1425
53 * 19|1007
79 * 29|2291
78 * 68|5304
55 * 38|2090
73 * 51|3723
39 * 78|3042
31 * 51|1581
64 * 74|4736
77 * 44|3388
60 * 36|2160
55 * 66|3630
34 * 44|1496
17 * 34|578
31 * 30|930
78 * 29|2262
72 * 18|1296
33 * 67|2211
17 * 35|595
69 * 37|2553
23 * 26|598
74 * 65|4810
43 * 61|2623
65 * 36|2340
46 * 64|2944
20 * 61|1220
59 * 35|2065
57 * 71|4047
66 * 41|2706
73 * 55|4015
26 * 69|1794
80 * 17|1360
48 * 29|1392
74 * 21|1554
69 * 30|2070
53 * 36|1908
60 * 26|1560
18 * 39|702
56 * 42|2352
48 * 73|3504
23 * 62|1426
39 * 40|1560
56 * 75|4200
47 * 46|2162
71 * 64|4544
63 * 75|4725
53 * 51|2703
51 * 55|2805
33 * 73|2409
69 * 16|1104
47 * 72|3384
19 * 42|798
52 * 23|1196
40 * 49|1960
56 * 75|4200
72 * 23|1656
48 * 64|3072
46 * 59|2714
22 * 79|1738
24 * 70|1680
73 * 71|5183
55 * 27|1485
78 * 70|5460
50 * 67|3350
26 * 24|624
59 * 19|1121
41 * 50|2050
15 * 46|690
18 * 53|954
24 * 69|1656
33 * 69|2277
61 * 44|2684
72 * 61|4392
20 * 66|1320
49 * 34|1666
49 * 54|2646
24 * 47|1128
29 * 40|1160
33 * 60|1980
36 * 22|792
80 * 64|5120
61 * 29|1769
48 * 79|3792
66 * 51|3366
55 * 21|1155
53 * 34|1802
68 * 68|4624
50 * 60|3000
73 * 61|4453
69 * 65|4485
49 * 72|3528
54 * 66|3564
72 * 44|3168
78 * 26|2028
19 * 32|608
35 * 65|2275
51 * 36|1836
23 * 24|552
29 * 60|1740
46 * 50|2300
77 * 20|1540
52 * 67|3484
16 * 71|1136
53 * 30|1590
25 * 26|650
77 * 78|6006
32 * 64|2048
71 * 70|4970
44 * 73|3212
75 * 35|2625
40 * 21|840
76 * 38|2888
21 * 28|588
55 * 46|2530
67 * 74|4958
42 * 16|672
71 * 74|5254
52 * 45|2340
70 * 23|1610
22 * 69|1518
35 * 27|945
60 * 40|2400
20 * 48|960
16 * 48|768
46 * 63|2898
69 * 36|2484
32 * 76|2432
79 * 74|5846
75 * 63|4725
58 * 29|1682
39 * 27|1053
72 * 34|2448
77 * 30|2310
65 * 25|1625
39 * 75|2925
62 * 61|3782
26 * 38|988
56 * 61|3416
61 * 73|4453
70 * 31|2170
61 * 55|3355
25 * 54|1350
54 * 62|3348
78 * 57|4446
76 * 60|4560
36 * 45|1620
47 * 50|2350
37 * 69|2553
68 * 71|4828
24 * 17|408
60 * 18|1080
38 * 45|1710
42 * 23|966
28 * 59|1652
49 * 38|1862
56 * 18|1008
59 * 69|4071
48 * 39|1872
25 * 78|1950
51 * 70|3570
18 * 75|1350
15 * 20|300
58 * 66|3828
74 * 80|5920
50 * 15|750
47 * 75|3525
15 * 59|885
58 * 29|1682
80 * 33|2640
49 * 72|3528
58 * 69|4002
26 * 74|1924
74 * 68|5032
61 * 58|3538
38 * 45|1710
72 * 24|1728
70 * 76|5320
71 * 64|4544
22 * 50|1100
15 * 30|450
31 * 78|2418
60 * 48|2880
56 * 25|1400
68 * 64|4352
49 * 50|2450
70 * 29|2030
26 * 17|442
66 * 21|1386
60 * 47|2820
52 * 41|2132
80 * 68|5440
49 * 34|1666
54 * 36|1944
69 * 19|1311
68 * 45|3060
15 * 29|435
30 * 23|690
57 * 26|1482
30 * 17|510
26 * 52|1352
23 * 71|1633
38 * 16|608
45 * 80|3600
16 * 34|544
62 * 73|4526
24 * 22|528
32 * 36|1152
56 * 43|2408
63 * 47|2961
17 * 42|714
27 * 61|1647
47 * 34|1598
71 * 76|5396
56 * 20|1120
22 * 24|528
72 * 15|1080
15 * 53|795
26 * 77|2002
20 * 23|460
65 * 23|1495
26 * 29|754
56 * 61|3416
62 * 65|4030
47 * 52|2444
55 * 74|4070
50 * 21|1050
77 * 24|1848
37 * 71|2627
47 * 24|1128
51 * 36|1836
19 * 55|1045
72 * 46|3312
32 * 40|1280
37 * 41|1517
72 * 53|3816
36 * 29|1044
51 * 30|1530
48 * 31|1488
20 * 43|860
42 * 65|2730
43 * 50|2150
26 * 76|1976
55 * 40|2200
51 * 27|1377
77 * 61|4697
35 * 71|2485
76 * 50|3800
44 * 72|3168
43 * 49|2107
33 * 67|2211
69 * 42|2898
38 * 31|1178
55 * 26|1430
76 * 65|4940
31 * 64|1984
15 * 18|270
28 * 16|448
19 * 79|1501
17 * 43|731
51 * 57|2907
42 * 77|3234
15 * 68|1020
34 * 62|2108
50 * 70|3500
55 * 67|3685
50 * 36|1800
61 * 80|4880
56 * 59|3304
47 * 35|1645
32 * 21|672
61 * 15|915
70 * 54|3780
58 * 74|4292
30 * 64|1920
79 * 65|5135
39 * 47|1833
44 * 32|1408
32 * 38|1216
37 * 39|1443
17 * 67|1139
56 * 56|3136
24 * 66|1584
47 * 44|2068
66 * 33|2178
54 * 73|3942
20 * 37|740
38 * 56|2128
16 * 56|896
51 * 27|1377
16 * 45|720
72 * 48|3456
63 * 15|945
20 * 39|780
45 * 53|2385
65 * 36|2340
23 * 50|1150
47 * 57|2679
60 * 39|2340
16 * 31|496
28 * 23|644
53 * 56|2968
45 * 63|2835
27 * 62|1674
79 * 32|2528
47 * 48|2256
68 * 18|1224
54 * 80|4320
22 * 73|1606
20 * 45|900
27 * 69|1863
21 * 23|483
66 * 61|4026
19 * 61|1159
59 * 74|4366
42 * 70|2940
50 * 65|3250
67 * 36|2412
26 * 77|2002
65 * 18|1170
38 * 77|2926
37 * 23|851
62 * 67|4154
61 * 23|1403
61 * 71|4331
48 * 61|2928
72 * 18|1296
57 * 64|3648
54 * 31|1674
35 * 26|910
73 * 57|4161
37 * 35|1295
73 * 69|5037
64 * 59|3776
47 * 16|752
53 * 43|2279
79 * 16|1264
39 * 26|1014
79 * 72|5688
79 * 49|3871
41 * 80|3280
33 * 64|2112
62 * 22|1364
59 * 75|4425
77 * 23|1771
37 * 45|1665
36 * 34|1224
69 * 62|4278
61 * 53|3233
56 * 57|3192
42 * 63|2646
68 * 15|1020
44 * 75|3300
77 * 69|5313
75 * 77|5775
59 * 23|1357
62 * 48|2976
40 * 71|2840
44 * 46|2024
38 * 78|2964
54 * 60|3240
19 * 23|437
65 * 22|1430
79 * 58|4582
40 * 35|1400
23 * 52|1196
39 * 33|1287
40 * 80|3200
33 * 53|1749
16 * 23|368
63 * 40|2520
77 * 53|4081
58 * 64|3712
41 * 76|3116
55 * 77|4235
38 * 69|2622
39 * 23|897
41 * 71|2911
31 * 23|713
53 * 27|1431
66 * 74|4884
42 * 38|1596
80 * 33|2640
22 * 16|352
20 * 52|1040
56 * 75|4200
33 * 76|2508
39 * 73|2847
75 * 52|3900
73 * 68|4964
47 * 41|1927
55 * 17|935
64 * 33|2112
72 * 24|1728
76 * 72|5472
78 * 77|6006
57 * 51|2907
65 * 68|4420
63 * 62|3906
62 * 27|1674
17 * 70|1190
74 * 71|5254
78 * 67|5226
54 * 62|3348
65 * 27|1755
17 * 15|255
79 * 57|4503
58 * 19|1102
30 * 55|1650
16 * 16|256
75 * 79|5925
21 * 26|546
67 * 26|1742
69 * 28|1932
39 * 34|1326
36 * 70|2520
28 * 33|924
69 * 45|3105
41 * 35|1435
41 * 32|1312
38 * 75|2850
57 * 29|1653
35 * 42|1470
71 * 31|2201
45 * 68|3060
60 * 23|1380
30 * 43|1290
48 * 47|2256
69 * 37|2553
50 * 69|3450
30 * 24|720
64 * 55|3520
76 * 47|3572
53 * 15|795
75 * 32|2400
67 * 56|3752
31 * 58|1798
43 * 16|688
79 * 56|4424
64 * 76|4864
68 * 21|1428
29 * 46|1334
64 * 55|3520
26 * 42|1092
30 * 39|1170
55 * 54|2970
52 * 68|3536
69 * 74|5106
67 * 30|2010
68 * 26|1768
37 * 27|999
73 * 20|1460
60 * 31|1860
65 * 19|1235
63 * 27|1701
59 * 39|2301
15 * 22|330
45 * 39|1755
20 * 58|1160
52 * 43|2236
30 * 50|1500
45 * 42|1890
59 * 37|2183
39 * 59|2301
22 * 75|1650
79 * 64|5056
79 * 77|6083
68 * 58|3944
65 * 62|4030
49 * 52|2548
74 * 50|3700
73 * 59|4307
39 * 18|702
29 * 79|2291
80 * 65|5200
39 * 74|2886
19 * 16|304
73 * 62|4526
23 * 19|437
43 * 17|731
35 * 57|1995
20 * 64|1280
31 * 22|682
61 * 80|4880
48 * 54|2592
36 * 27|972
61 * 57|3477
42 * 34|1428
18 * 65|1170
41 * 21|861
48 * 64|3072
25 * 76|1900
38 * 25|950
76 * 46|3496
71 * 48|3408
77 * 45|3465
39 * 55|2145
65 * 48|3120
21 * 70|1470
64 * 34|2176
18 * 26|468
54 * 65|3510
76 * 23|1748
19 * 47|893
70 * 25|1750
29 * 49|1421
24 * 71|1704
77 * 19|1463
73 * 19|1387
77 * 71|5467
44 * 42|1848
44 * 24|1056
24 * 27|648
65 * 28|1820
55 * 69|3795
77 * 22|1694
78 * 34|2652
48 * 51|2448
77 * 27|2079
74 * 68|5032
32 * 19|608
31 * 62|1922
63 * 64|4032
74 * 70|5180
59 * 68|4012
25 * 26|650
49 * 52|2548
73 * 47|3431
72 * 50|3600
33 * 52|1716
73 * 37|2701
40 * 51|2040
42 * 72|3024
29 * 38|1102
21 * 65|1365
40 * 24|960
52 * 51|2652
53 * 42|2226
19 * 60|1140
42 * 69|2898
37 * 61|2257
67 * 68|4556
43 * 29|1247
80 * 45|3600
34 * 61|2074
48 * 22|1056
61 * 80|4880
63 * 55|3465
32 * 70|2240
15 * 40|600
54 * 38|2052
37 * 29|1073
36 * 68|2448
15 * 49|735
39 * 49|1911
39 * 19|741
39 * 25|975
21 * 43|903
72 * 76|5472
62 * 51|3162
19 * 53|1007
30 * 15|450
65 * 35|2275
41 * 21|861
30 * 19|570
71 * 44|3124
20 * 16|320
70 * 73|5110
47 * 50|2350
57 * 25|1425
37 * 51|1887
76 * 19|1444
44 * 30|1320
64 * 65|4160
36 * 62|2232
32 * 58|1856
28 * 38|1064
56 * 49|2744
58 * 22|1276
16 * 61|976
46 * 58|2668
19 * 30|570
66 * 16|1056
75 * 46|3450
37 * 15|555
45 * 76|3420
15 * 30|450
59 * 29|1711
76 * 52|3952
31 * 16|496
59 * 72|4248
54 * 30|1620
56 * 16|896
63 * 18|1134
42 * 25|1050
30 * 29|870
74 * 51|3774
56 * 42|2352
64 * 35|2240
20 * 80|1600
56 * 47|2632
58 * 79|4582
18 * 75|1350
80 * 59|4720
80 * 31|2480
57 * 79|4503
17 * 54|918
59 * 77|4543
42 * 35|1470
75 * 56|4200
33 * 23|759
73 * 74|5402
41 * 72|2952
29 * 79|2291
26 * 65|1690
58 * 15|870
15 * 73|1095
45 * 69|3105
17 * 24|408
29 * 19|551
43 * 72|3096
57 * 43|2451
36 * 20|720
65 * 43|2795
63 * 23|1449
71 * 31|2201
58 * 74|4292
19 * 27|513
17 * 51|867
28 * 64|1792
31 * 24|744
20 * 15|300
44 * 30|1320
80 * 61|4880
19 * 69|1311
47 * 29|1363
74 * 56|4144
57 * 69|3933
60 * 38|2280
73 * 17|1241
25 * 56|1400
59 * 66|3894
43 * 29|1247
50 * 53|2650
49 * 53|2597
74 * 36|2664
71 * 32|2272
17 * 58|986
34 * 72|2448
23 * 73|1679
36 * 34|1224
40 * 34|1360
65 * 65|4225
30 * 18|540
28 * 22|616
21 * 66|1386
17 * 34|578
72 * 74|5328
67 * 36|2412
54 * 53|2862
40 * 61|2440
54 * 37|1998
79 * 31|2449
28 * 68|1904
72 * 54|3888
29 * 50|1450
51 * 46|2346
73 * 20|1460
62 * 56|3472
37 * 54|1998
77 * 77|5929
71 * 49|3479
36 * 56|2016
17 * 53|901
63 * 65|4095
58 * 49|2842
41 * 36|1476
57 * 52|2964
34 * 51|1734
21 * 25|525
19 * 18|342
80 * 68|5440
27 * 42|1134
36 * 23|828
47 * 41|1927
65 * 53|3445
37 * 69|2553
79 * 48|3792
17 * 50|850
31 * 36|1116
41 * 45|1845
76 * 63|4788
46 * 74|3404
35 * 34|1190
50 * 70|3500
30 * 48|1440
46 * 62|2852
21 * 55|1155
80 * 30|2400
47 * 77|3619
45 * 20|900
67 * 19|1273
59 * 22|1298
61 * 76|4636
18 * 54|972
21 * 55|1155
64 * 75|4800
24 * 69|1656
