4000 * 8|32000
50000 * 1|50000
40000 : 4000|10
50000 : 50|1000
40000 : 100|400
70000 : 1000|70
5 * 10000|50000
50000 * 5|250000
40000 : 4|10000
10 * 4000|40000
7200 : 800|9
1800 : 6|300
60000 : 100|600
8 * 80|640
10 * 5000|50000
3 * 50000|150000
90 : 10|9
90000 : 10|9000
4 * 90000|360000
10 * 1000|10000
10000 * 1|10000
100 * 700|70000
7000 * 6|42000
7 * 8000|56000
30000 : 5000|6
7200 : 8|900
500 * 3|1500
30000 : 3000|10
20000 : 2000|10
4000 : 4000|1
49000 : 7000|7
2 * 8000|16000
1000 * 40|40000
200 : 5|40
28000 : 4|7000
540000 : 60000|9
60000 * 6|360000
400 : 50|8
63000 : 9000|7
80000 : 10000|8
2 * 10000|20000
12000 : 4|3000
4000 : 4000|1
300 * 7|2100
600 * 2|1200
40 : 1|40
2 * 80000|160000
50000 : 100|500
9000 : 1|9000
490000 : 7|70000
9 * 40000|360000
80 * 1|80
1000 * 60|60000
8 * 7000|56000
90000 : 1000|90
100 * 600|60000
70000 * 7|490000
90000 * 2|180000
1000 * 70|70000
5 * 70000|350000
60 : 20|3
90 * 5|450
10000 * 2|20000
10000 : 1|10000
300 * 4|1200
80000 : 100|800
10000 : 10000|1
9000 * 10|90000
10000 * 8|80000
90000 : 10000|9
80000 * 3|240000
160 : 20|8
4 * 60|240
50 * 1000|50000
25000 : 5000|5
60000 : 100|600
5 * 3000|15000
6400 : 8|800
40000 : 10000|4
20000 : 2000|10
80000 : 100|800
50000 : 5000|10
20000 : 200|100
60 * 1000|60000
10000 : 100|100
40000 : 40|1000
1000 * 7|7000
5 * 2000|10000
800 * 100|80000
400 : 4|100
4 * 7000|28000
10000 * 9|90000
8 * 60|480
300000 : 50000|6
9000 * 10|90000
700 * 100|70000
4 * 5000|20000
10 * 5000|50000
20000 : 200|100
50 * 4|200
6000 * 10|60000
50000 : 50000|1
80000 : 100|800
1 * 50000|50000
200 : 50|4
10000 : 1000|10
10 * 4000|40000
1000 * 10|10000
10000 : 10|1000
4 * 10000|40000
90000 : 90|1000
4200 : 6|700
90 * 7|630
500 : 1|500
480000 : 8|60000
100 * 600|60000
2000 * 10|20000
2000 * 7|14000
40000 : 400|100
7 * 1000|7000
10000 : 10|1000
900 * 100|90000
600 * 7|4200
80000 : 10|8000
10000 * 9|90000
100 * 200|20000
100 * 300|30000
90000 : 100|900
2 * 40000|80000
8 * 1000|8000
40000 : 4000|10
8000 : 1|8000
100 * 300|30000
40000 : 10|4000
6000 * 10|60000
70000 : 10|7000
270000 : 90000|3
100 * 600|60000
90000 : 90|1000
21000 : 7|3000
8 * 30|240
12000 : 3000|4
450 : 90|5
3000 * 10|30000
40000 : 1000|40
10000 : 100|100
20 * 7|140
8 * 200|1600
80 * 1000|80000
3000 : 6|500
7 * 2000|14000
60000 : 10000|6
80000 : 1000|80
90000 : 1000|90
60000 : 1000|60
10 * 1000|10000
400 * 100|40000
400 : 50|8
720000 : 9|80000
1000 * 70|70000
2 * 50|100
32000 : 8000|4
6000 : 3000|2
2 * 10000|20000
1000 * 10|10000
40000 : 5|8000
70 * 8|560
10 * 3000|30000
60 : 10|6
8000 * 10|80000
4 * 40000|160000
3000 : 6|500
8 * 90000|720000
80 : 10|8
3000 * 10|30000
30000 : 10000|3
400000 : 80000|5
10000 : 10|1000
30 : 10|3
70000 : 7000|10
1000 * 60|60000
100 * 300|30000
2 * 20000|40000
5 * 90000|450000
16000 : 2|8000
360000 : 60000|6
270 : 30|9
2 * 80|160
80000 * 6|480000
7000 * 1|7000
7 * 900|6300
7000 * 5|35000
1000 * 40|40000
3000 : 6|500
2400 : 600|4
40 * 1000|40000
10000 * 9|90000
3000 * 10|30000
10000 : 2|5000
7000 * 10|70000
40000 : 40|1000
240000 : 40000|6
500 * 100|50000
10000 * 3|30000
280000 : 40000|7
2000 * 10|20000
5 * 70|350
3 * 900|2700
1000 : 500|2
1000 * 10|10000
400 * 8|3200
4200 : 7|600
70000 : 7000|10
100 * 500|50000
90000 : 10|9000
1 * 70|70
60000 : 60|1000
40000 : 4000|10
20000 : 10|2000
90 * 4|360
40000 : 10000|4
36000 : 9|4000
600 * 100|60000
7000 : 7|1000
320000 : 40000|8
90 : 10|9
9000 * 6|54000
30 * 7|210
90 * 6|540
60 * 1000|60000
140 : 70|2
360 : 4|90
100 * 200|20000
50000 : 500|100
150000 : 30000|5
30 * 8|240
10 * 9000|90000
4 * 3000|12000
20 * 7|140
100000 : 2|50000
50000 : 5000|10
50000 : 10|5000
600 * 8|4800
160000 : 4|40000
64000 : 8000|8
70000 : 7|10000
70 * 1000|70000
300 * 100|30000
10000 * 2|20000
30000 : 1|30000
70 : 70|1
80 : 8|10
90000 : 10000|9
10000 : 1000|10
10000 * 7|70000
40000 : 10000|4
900 : 9|100
60000 : 60|1000
160 : 4|40
1000 * 80|80000
6 * 10000|60000
300 * 100|30000
9 * 1000|9000
60000 * 2|120000
240 : 30|8
50000 * 6|300000
2 * 900|1800
5000 * 10|50000
10000 : 10|1000
120 : 6|20
20000 : 2|10000
450 : 50|9
400 : 100|4
40000 : 40|1000
80000 : 10|8000
10000 * 3|30000
50000 : 5000|10
40000 * 3|120000
8000 * 10|80000
8 * 4000|32000
1000 * 20|20000
1 * 700|700
2 * 90000|180000
10000 * 3|30000
90 * 1000|90000
42000 : 6000|7
14000 : 2|7000
60000 : 10000|6
20000 : 2|10000
9000 * 10|90000
80000 : 80|1000
20000 : 10000|2
100 * 700|70000
30 * 1000|30000
600 : 1|600
60000 : 100|600
80000 * 6|480000
6 * 800|4800
16000 : 2|8000
3 * 600|1800
6 * 70|420
300 * 100|30000
300000 : 6|50000
4 * 30000|120000
10000 : 1000|10
80 * 1000|80000
100 * 700|70000
900 * 100|90000
20000 : 10000|2
60000 : 1000|60
200 * 5|1000
6 * 10000|60000
600 * 100|60000
60000 : 6000|10
70000 * 5|350000
50 * 1000|50000
90 * 8|720
100 * 700|70000
50000 : 500|100
90000 : 10|9000
1 * 40000|40000
300 : 50|6
50000 : 10|5000
40000 : 100|400
20000 : 20|1000
40 * 4|160
600 * 2|1200
10000 : 1000|10
90000 : 9000|10
60000 : 1|60000
30000 : 3000|10
60000 : 600|100
9000 * 10|90000
30000 : 30|1000
40000 : 10|4000
60000 : 100|600
300000 : 5|60000
1 * 10000|10000
50000 : 1|50000
4500 : 5|900
42000 : 6|7000
3 * 80|240
30 * 1000|30000
9 * 70000|630000
30000 : 3|10000
70000 : 7000|10
560 : 80|7
1500 : 5|300
2 * 500|1000
3 * 2000|6000
80000 : 10|8000
30000 : 1000|30
90 * 8|720
1 * 10000|10000
4000 * 10|40000
70000 : 7|10000
100 * 500|50000
40000 : 4|10000
200000 : 40000|5
30000 : 30|1000
60000 : 6000|10
60000 : 1000|60
5 * 10000|50000
2400 : 8|300
100 * 200|20000
480000 : 60000|8
40000 : 4|10000
9 * 800|7200
200 : 200|1
420000 : 60000|7
4 * 100|400
21000 : 7|3000
27000 : 3|9000
20000 : 2000|10
70 * 3|210
70000 : 700|100
90000 : 9|10000
80000 : 100|800
6 * 6000|36000
5000 * 10|50000
700 * 100|70000
30 * 1000|30000
350 : 50|7
450000 : 5|90000
40000 : 10|4000
5 * 70000|350000
80000 * 8|640000
150000 : 3|50000
32000 : 4000|8
1400 : 700|2
90 * 1000|90000
1000 * 30|30000
8000 * 10|80000
180 : 90|2
70000 : 700|100
9 * 20000|180000
3 * 50000|150000
100 * 100|10000
7200 : 8|900
30000 : 3|10000
200 : 200|1
72000 : 9|8000
90000 : 900|100
900 * 100|90000
50000 : 1000|50
40000 : 4000|10
300 : 5|60
60000 : 600|100
8000 * 10|80000
450 : 50|9
60000 : 10000|6
300000 : 60000|5
90 : 30|3
100 * 600|60000
30000 : 30|1000
60 * 4|240
200 : 100|2
9 * 60|540
120000 : 60000|2
6000 * 10|60000
280 : 4|70
630000 : 7|90000
60000 : 6|10000
35000 : 7000|5
81000 : 9|9000
8 * 50000|400000
10 * 3000|30000
300 : 1|300
1 * 20|20
1800 : 200|9
80000 : 8|10000
40000 : 4|10000
30000 : 10|3000
350000 : 70000|5
10 * 6|60
4800 : 600|8
100 * 500|50000
60000 * 3|180000
1 * 90|90
18000 : 3|6000
30000 : 300|100
10000 : 10000|1
20000 : 100|200
10 * 5000|50000
30000 : 3|10000
70000 * 3|210000
40000 : 400|100
30000 : 100|300
20000 : 100|200
80000 : 1000|80
10000 * 5|50000
10000 * 4|40000
10 * 7000|70000
10000 : 1000|10
320 : 4|80
80000 : 1000|80
100 * 100|10000
30000 : 30|1000
6 * 60|360
20000 : 10000|2
20000 : 10|2000
80000 : 80|1000
100 * 200|20000
80000 : 40000|2
81000 : 9|9000
6 * 600|3600
900 : 100|9
60000 : 60|1000
30000 : 300|100
10000 * 3|30000
30 * 8|240
70000 : 70|1000
50000 : 5|10000
8100 : 9|900
240 : 40|6
20 * 4|80
200 * 8|1600
20000 : 2000|10
90000 : 30000|3
30000 : 1|30000
10 * 8000|80000
2 * 900|1800
80000 : 10|8000
100 * 700|70000
10000 * 3|30000
20000 : 20|1000
8 * 90|720
20000 : 1000|20
6 * 800|4800
7000 * 5|35000
1000 * 10|10000
10 * 1000|10000
800 * 7|5600
70000 * 5|350000
1000 : 2|500
40 * 4|160
240 : 3|80
700 * 2|1400
4500 : 500|9
3200 : 8|400
800 * 100|80000
9 * 80|720
10 * 1000|10000
30000 : 100|300
1 * 10000|10000
4500 : 500|9
560 : 7|80
600 * 5|3000
800 : 4|200
30000 : 10|3000
20000 : 10000|2
630000 : 90000|7
7 * 500|3500
4000 * 10|40000
70000 : 10|7000
90000 : 90|1000
10 * 7000|70000
10 * 1000|10000
900 * 100|90000
800 * 100|80000
20000 : 2|10000
6 * 50|300
800 * 100|80000
90000 : 90|1000
480 : 60|8
600 : 3|200
3 * 1000|3000
20000 : 10|2000
14000 : 7000|2
140 : 20|7
30000 : 300|100
2700 : 900|3
10000 * 5|50000
100 * 600|60000
10 * 8000|80000
200 * 8|1600
90000 * 1|90000
3500 : 500|7
40 * 3|120
4 * 10000|40000
10 * 5000|50000
5 * 20000|100000
100 * 500|50000
10000 * 9|90000
5 * 3000|15000
4000 * 3|12000
100 * 2|200
20000 : 10|2000
50000 : 10|5000
6000 * 10|60000
70000 : 1000|70
6 * 30|180
350000 : 50000|7
1000 * 50|50000
900 : 9|100
30 : 3|10
90000 : 10000|9
630 : 70|9
80000 : 80|1000
100 * 6|600
4 * 50|200
10000 * 3|30000
6000 * 5|30000
3 * 60000|180000
30000 : 1000|30
1000 * 80|80000
10 * 3000|30000
70000 : 10|7000
30000 : 300|100
2 * 10000|20000
10 * 6000|60000
7 * 3000|21000
40000 : 100|400
90000 : 10|9000
500 * 100|50000
10000 * 7|70000
100 * 100|10000
90000 : 1000|90
48000 : 8|6000
80000 * 9|720000
60000 : 10|6000
8000 * 1|8000
180000 : 60000|3
80000 : 2|40000
10000 * 4|40000
60000 * 9|540000
60 : 30|2
70 * 1000|70000
1 * 600|600
1000 * 80|80000
5400 : 900|6
100 * 900|90000
1 * 80000|80000
5 * 80000|400000
4 * 500|2000
2 * 50|100
200 * 4|800
5 * 6000|30000
350000 : 7|50000
5 * 10000|50000
600 * 100|60000
1800 : 3|600
50000 : 100|500
1200 : 6|200
90 * 1000|90000
10 * 3000|30000
15000 : 5|3000
1000 * 30|30000
80000 : 800|100
10 * 5|50
9 * 10000|90000
200 * 7|1400
400 : 5|80
2 * 70000|140000
60000 : 100|600
90000 : 100|900
3600 : 900|4
24000 : 6000|4
40 * 1000|40000
36000 : 9|4000
7000 * 10|70000
70000 : 100|700
90000 : 10|9000
720000 : 90000|8
42000 : 6|7000
10000 : 1000|10
6 * 10|60
10000 : 10|1000
30 * 1000|30000
1000 * 6|6000
72000 : 8000|9
50000 : 10|5000
8000 * 6|48000
70000 : 70|1000
10000 * 8|80000
80000 : 1000|80
140000 : 70000|2
100 : 100|1
48000 : 8000|6
1 * 10000|10000
4000 * 10|40000
20000 : 20|1000
6000 : 1000|6
150 : 50|3
810000 : 9|90000
60 * 9|540
2000 : 2000|1
3 * 20000|60000
2000 * 10|20000
70000 : 7|10000
700 * 7|4900
10000 * 3|30000
70000 : 10000|7
6 * 50000|300000
100 * 300|30000
10000 * 7|70000
100 * 100|10000
6000 : 3|2000
27000 : 3|9000
540000 : 9|60000
20000 : 100|200
40000 : 10|4000
30000 : 30|1000
9000 * 10|90000
50000 : 50|1000
4000 * 10|40000
2800 : 400|7
6 * 10000|60000
60000 : 30000|2
5 * 10000|50000
1000 * 40|40000
25000 : 5|5000
10000 * 8|80000
4000 * 1|4000
21000 : 3|7000
7000 * 10|70000
70000 : 10000|7
720 : 9|80
7 * 10000|70000
14000 : 2|7000
80 * 1000|80000
10 * 1000|10000
70000 : 700|100
40000 : 40|1000
160000 : 2|80000
50000 : 10000|5
20 * 6|120
3200 : 4|800
60000 * 8|480000
2 * 10000|20000
5000 * 2|10000
40 : 4|10
270 : 90|3
5 * 10000|50000
1000 * 40|40000
3 * 1000|3000
9 * 10000|90000
70000 : 10|7000
10000 * 3|30000
100 : 20|5
140 : 20|7
3200 : 800|4
300 * 4|1200
3600 : 6|600
20 * 1000|20000
10 * 2000|20000
60000 : 100|600
100 * 100|10000
60000 : 600|100
30000 : 5|6000
60000 : 10|6000
240 : 60|4
4 * 600|2400
4 * 70000|280000
480000 : 60000|8
50000 : 5|10000
6000 : 3000|2
1000 * 20|20000
30000 : 10000|3
400 * 100|40000
10 * 8000|80000
1000 * 20|20000
4000 * 5|20000
60000 : 6000|10
100 * 600|60000
60000 : 1000|60
5 * 50000|250000
30000 : 10000|3
10 * 5000|50000
90000 : 9000|10
9000 : 9000|1
60000 : 10|6000
10000 : 10000|1
10 * 5000|50000
8 * 10000|80000
270000 : 3|90000
80000 : 80|1000
30000 : 10000|3
10000 * 6|60000
90 * 2|180
100 * 600|60000
60000 : 6|10000
10000 * 1|10000
3 * 700|2100
20 * 1000|20000
9 * 10000|90000
160000 : 80000|2
3 * 700|2100
720 : 90|8
50000 : 10|5000
30000 : 3000|10
40000 : 1000|40
90000 : 90|1000
30000 : 30|1000
5 * 6000|30000
400 * 100|40000
40000 : 8000|5
90000 : 100|900
2400 : 800|3
20000 : 100|200
600 * 100|60000
3 * 10000|30000
10000 * 9|90000
300 : 60|5
10000 * 3|30000
3 * 10000|30000
1000 * 60|60000
40000 : 10000|4
1000 * 90|90000
60000 : 10000|6
50000 : 1000|50
56000 : 7000|8
1 * 6000|6000
18000 : 3000|6
40000 : 10|4000
24000 : 6|4000
70 * 1000|70000
72000 : 8|9000
7 * 80000|560000
50 * 8|400
25000 : 5|5000
6000 : 6|1000
100 * 800|80000
10000 * 6|60000
70000 : 100|700
50 * 1000|50000
80000 : 10000|8
8 * 20000|160000
70000 : 7000|10
50000 : 10000|5
70 : 10|7
10000 * 1|10000
40000 : 4|10000
50 : 1|50
100 * 900|90000
10000 : 10|1000
24000 : 4|6000
1600 : 4|400
2 * 60|120
6300 : 9|700
200 * 2|400
80000 : 800|100
180 : 3|60
240 : 4|60
50000 * 8|400000
20000 * 5|100000
6000 * 10|60000
10000 * 2|20000
320 : 4|80
60000 : 1000|60
100 * 300|30000
1000 * 70|70000
20000 : 200|100
1000 * 70|70000
7 * 300|2100
20 : 20|1
40000 : 40|1000
5 * 70000|350000
10 * 7000|70000
6 * 10000|60000
1000 * 90|90000
10 * 7000|70000
10000 * 4|40000
90000 : 9000|10
9 * 20000|180000
40 * 1000|40000
30 * 8|240
10000 : 100|100
70000 * 9|630000
4 * 300|1200
50 * 1|50
6 * 3000|18000
400 * 4|1600
1000 * 30|30000
4200 : 600|7
70 : 1|70
10000 : 10|1000
10000 : 100|100
3200 : 400|8
40000 : 4000|10
200 : 1|200
6 * 40000|240000
70000 : 70|1000
90000 : 9|10000
2 * 10000|20000
8 * 20000|160000
50000 : 5|10000
6 * 6000|36000
48000 : 8|6000
80000 : 800|100
70000 : 70000|1
100 * 300|30000
20000 : 2000|10
1 * 50000|50000
4500 : 500|9
60000 : 600|100
80000 : 8000|10
40000 : 20000|2
50000 : 50|1000
400 * 100|40000
20000 : 200|100
80000 : 8000|10
1000 * 10|10000
9000 * 7|63000
9 * 10000|90000
80 * 1000|80000
3 * 1000|3000
5400 : 900|6
8 * 70|560
200 * 100|20000
9 * 500|4500
6000 * 5|30000
60000 : 6|10000
70 * 8|560
8000 * 3|24000
800 * 100|80000
120000 : 4|30000
1 * 10000|10000
5400 : 900|6
40000 : 4|10000
180 : 9|20
20000 : 2|10000
18000 : 6|3000
90000 : 10|9000
30000 : 10|3000
9 * 80000|720000
90 * 4|360
80000 : 10000|8
40000 : 40|1000
600 : 600|1
9 * 10000|90000
1000 * 90|90000
1000 * 70|70000
90000 : 90|1000
27000 : 3|9000
700 : 700|1
30000 : 10|3000
7 * 40000|280000
30000 : 300|100
600 * 100|60000
60 * 5|300
6 * 20|120
20000 : 10000|2
7000 * 10|70000
60000 : 10000|6
10000 : 100|100
50000 * 3|150000
4200 : 700|6
6 * 40000|240000
70000 : 7|10000
30000 : 3000|10
70000 : 70|1000
8000 * 10|80000
70000 : 1000|70
10000 : 100|100
360 : 40|9
70000 : 10|7000
700 : 1|700
160000 : 4|40000
50 * 1000|50000
90 * 8|720
16000 : 8|2000
10000 * 3|30000
60000 : 10000|6
2 * 10|20
100 * 100|10000
70000 * 5|350000
80000 : 10|8000
1 * 10000|10000
2 * 10000|20000
50 * 1000|50000
10 * 7|70
10000 * 5|50000
10000 : 10|1000
300 * 100|30000
7 * 4000|28000
16000 : 4|4000
9 * 80000|720000
1400 : 7|200
9000 * 10|90000
30000 * 8|240000
10 * 1000|10000
70000 : 10|7000
90 * 8|720
20000 : 1000|20
18000 : 9000|2
7000 * 10|70000
80 : 8|10
10000 * 8|80000
80000 : 8|10000
50000 * 3|150000
20000 : 2000|10
400 * 100|40000
10000 * 1|10000
40000 : 10|4000
50000 : 5|10000
800 * 1|800
40000 : 4000|10
10 * 4000|40000
100 * 100|10000
1000 * 4|4000
6000 * 10|60000
10000 : 10|1000
1000 * 50|50000
7 * 3000|21000
150 : 50|3
80000 : 1000|80
10 * 6|60
10 * 3000|30000
20000 : 1000|20
1000 * 40|40000
10000 : 10|1000
60 * 1|60
2 * 10000|20000
50000 * 6|300000
20000 : 5|4000
10 * 7000|70000
30000 : 3|10000
3000 * 10|30000
100 * 200|20000
400 * 100|40000
90000 : 10000|9
30 * 1000|30000
5 * 1000|5000
50000 : 10|5000
5 * 7000|35000
90000 : 10|9000
5 * 40|200
10000 : 100|100
50 : 10|5
1000 * 2|2000
2700 : 900|3
1 * 70|70
30000 : 3|10000
80000 : 1000|80
40 * 1000|40000
160000 : 20000|8
40000 : 10000|4
30000 : 30|1000
50000 : 50|1000
