15 + 1|16
6 + 3|9
2 + 10|12
3 + 14|17
3 + 1|4
2 + 6|8
6 + 4|10
4 + 3|7
3 + 6|9
10 + 10|20
2 + 1|3
6 + 11|17
6 + 2|8
5 + 7|12
5 + 11|16
11 + 6|17
2 + 1|3
3 + 3|6
14 + 4|18
8 + 3|11
3 + 15|18
1 + 4|5
1 + 16|17
1 + 17|18
3 + 5|8
15 + 2|17
4 + 4|8
2 + 16|18
10 + 1|11
1 + 7|8
1 + 8|9
18 + 2|20
8 + 1|9
2 + 4|6
11 + 2|13
1 + 14|15
1 + 1|2
1 + 14|15
5 + 2|7
4 + 15|19
10 + 3|13
4 + 6|10
1 + 12|13
7 + 5|12
6 + 2|8
1 + 4|5
6 + 8|14
3 + 12|15
6 + 2|8
1 + 1|2
12 + 7|19
11 + 1|12
1 + 6|7
2 + 1|3
1 + 3|4
13 + 7|20
5 + 6|11
6 + 7|13
7 + 10|17
15 + 5|20
8 + 1|9
1 + 5|6
3 + 4|7
1 + 12|13
4 + 6|10
5 + 2|7
4 + 1|5
8 + 4|12
6 + 3|9
8 + 2|10
10 + 5|15
5 + 11|16
4 + 15|19
4 + 6|10
5 + 2|7
2 + 16|18
6 + 5|11
3 + 2|5
11 + 5|16
2 + 3|5
2 + 7|9
12 + 3|15
2 + 4|6
1 + 3|4
10 + 10|20
1 + 1|2
8 + 8|16
4 + 1|5
9 + 7|16
5 + 15|20
1 + 1|2
5 + 7|12
9 + 4|13
1 + 15|16
2 + 7|9
2 + 17|19
1 + 5|6
1 + 2|3
4 + 14|18
7 + 8|15
4 + 2|6
16 + 1|17
7 + 5|12
6 + 3|9
14 + 6|20
1 + 16|17
5 + 4|9
11 + 5|16
2 + 4|6
5 + 5|10
3 + 8|11
5 + 4|9
3 + 5|8
11 + 1|12
3 + 3|6
1 + 1|2
15 + 3|18
2 + 2|4
5 + 7|12
2 + 4|6
1 + 16|17
2 + 1|3
11 + 4|15
2 + 16|18
11 + 8|19
7 + 1|8
3 + 16|19
2 + 1|3
2 + 7|9
1 + 3|4
1 + 17|18
1 + 11|12
8 + 1|9
2 + 2|4
8 + 10|18
4 + 12|16
4 + 14|18
3 + 8|11
1 + 5|6
1 + 2|3
6 + 7|13
2 + 3|5
2 + 15|17
6 + 13|19
3 + 7|10
9 + 5|14
1 + 1|2
11 + 5|16
6 + 3|9
9 + 9|18
3 + 1|4
3 + 16|19
4 + 2|6
6 + 8|14
4 + 1|5
5 + 14|19
3 + 2|5
6 + 4|10
10 + 3|13
8 + 2|10
12 + 6|18
5 + 4|9
13 + 6|19
1 + 1|2
5 + 6|11
2 + 15|17
3 + 6|9
1 + 12|13
2 + 6|8
1 + 5|6
10 + 1|11
3 + 2|5
4 + 15|19
4 + 7|11
14 + 6|20
2 + 15|17
6 + 6|12
1 + 1|2
7 + 2|9
1 + 10|11
14 + 6|20
4 + 15|19
1 + 9|10
4 + 10|14
3 + 9|12
2 + 5|7
2 + 13|15
8 + 5|13
16 + 1|17
2 + 16|18
6 + 9|15
1 + 1|2
11 + 7|18
1 + 1|2
5 + 7|12
6 + 1|7
8 + 2|10
2 + 3|5
1 + 17|18
1 + 2|3
7 + 1|8
7 + 13|20
15 + 4|19
3 + 2|5
3 + 13|16
2 + 3|5
14 + 4|18
10 + 5|15
2 + 2|4
1 + 12|13
8 + 1|9
5 + 2|7
3 + 1|4
6 + 7|13
5 + 2|7
1 + 10|11
4 + 1|5
12 + 2|14
2 + 4|6
1 + 1|2
9 + 4|13
4 + 7|11
3 + 17|20
6 + 10|16
1 + 6|7
4 + 4|8
2 + 13|15
11 + 9|20
2 + 3|5
2 + 2|4
2 + 6|8
1 + 3|4
1 + 7|8
1 + 18|19
10 + 3|13
2 + 9|11
2 + 12|14
4 + 15|19
3 + 1|4
4 + 6|10
9 + 2|11
3 + 1|4
3 + 6|9
4 + 4|8
1 + 11|12
2 + 1|3
1 + 4|5
2 + 16|18
10 + 6|16
1 + 5|6
2 + 8|10
12 + 6|18
2 + 9|11
6 + 10|16
16 + 2|18
2 + 7|9
3 + 2|5
1 + 8|9
14 + 3|17
5 + 7|12
2 + 1|3
12 + 4|16
1 + 9|10
8 + 10|18
9 + 11|20
2 + 1|3
5 + 6|11
3 + 7|10
2 + 2|4
4 + 13|17
3 + 2|5
6 + 5|11
3 + 10|13
1 + 1|2
4 + 2|6
4 + 6|10
1 + 1|2
3 + 4|7
12 + 6|18
2 + 2|4
2 + 7|9
8 + 6|14
5 + 11|16
1 + 1|2
6 + 4|10
11 + 2|13
6 + 9|15
1 + 2|3
1 + 16|17
8 + 7|15
11 + 5|16
4 + 3|7
9 + 5|14
3 + 2|5
7 + 1|8
5 + 5|10
1 + 17|18
13 + 1|14
7 + 6|13
4 + 5|9
1 + 1|2
4 + 5|9
4 + 11|15
6 + 13|19
6 + 2|8
10 + 1|11
2 + 17|19
10 + 10|20
1 + 4|5
4 + 14|18
1 + 4|5
4 + 2|6
6 + 3|9
8 + 4|12
6 + 3|9
1 + 6|7
1 + 1|2
3 + 4|7
9 + 10|19
5 + 11|16
4 + 16|20
6 + 7|13
16 + 1|17
1 + 4|5
6 + 5|11
9 + 6|15
2 + 2|4
6 + 13|19
4 + 7|11
8 + 9|17
5 + 4|9
2 + 11|13
9 + 2|11
10 + 9|19
5 + 12|17
4 + 3|7
6 + 5|11
2 + 10|12
14 + 3|17
6 + 2|8
1 + 1|2
5 + 7|12
3 + 4|7
1 + 2|3
8 + 10|18
10 + 2|12
5 + 1|6
1 + 14|15
1 + 1|2
1 + 2|3
1 + 1|2
6 + 3|9
14 + 2|16
4 + 16|20
6 + 9|15
1 + 5|6
1 + 2|3
10 + 4|14
3 + 7|10
4 + 5|9
2 + 4|6
7 + 5|12
13 + 1|14
11 + 8|19
7 + 1|8
9 + 5|14
11 + 2|13
7 + 1|8
5 + 10|15
11 + 8|19
9 + 1|10
2 + 2|4
8 + 4|12
4 + 1|5
5 + 2|7
2 + 4|6
7 + 10|17
4 + 1|5
1 + 15|16
2 + 8|10
4 + 3|7
10 + 2|12
9 + 4|13
1 + 15|16
5 + 6|11
1 + 3|4
5 + 4|9
11 + 7|18
2 + 3|5
14 + 5|19
18 + 2|20
1 + 3|4
13 + 1|14
8 + 10|18
6 + 3|9
8 + 2|10
3 + 8|11
5 + 3|8
6 + 1|7
13 + 7|20
3 + 6|9
17 + 3|20
2 + 13|15
10 + 8|18
9 + 10|19
6 + 4|10
4 + 7|11
7 + 2|9
4 + 14|18
10 + 4|14
2 + 3|5
11 + 4|15
2 + 1|3
2 + 14|16
4 + 2|6
6 + 8|14
1 + 1|2
10 + 9|19
12 + 4|16
15 + 5|20
3 + 1|4
1 + 11|12
2 + 3|5
1 + 2|3
12 + 3|15
5 + 4|9
7 + 9|16
4 + 13|17
3 + 1|4
5 + 5|10
4 + 3|7
1 + 1|2
7 + 12|19
1 + 11|12
5 + 2|7
4 + 8|12
4 + 7|11
9 + 11|20
2 + 7|9
8 + 3|11
4 + 15|19
6 + 7|13
5 + 2|7
4 + 8|12
2 + 7|9
14 + 4|18
1 + 6|7
1 + 1|2
6 + 5|11
4 + 4|8
11 + 6|17
7 + 1|8
3 + 16|19
2 + 1|3
2 + 2|4
11 + 4|15
4 + 3|7
2 + 1|3
5 + 15|20
13 + 4|17
5 + 2|7
1 + 7|8
6 + 8|14
6 + 13|19
2 + 8|10
5 + 7|12
1 + 10|11
8 + 7|15
5 + 5|10
11 + 3|14
1 + 19|20
9 + 2|11
1 + 8|9
13 + 5|18
2 + 3|5
1 + 14|15
14 + 4|18
8 + 11|19
9 + 9|18
9 + 1|10
10 + 5|15
3 + 8|11
7 + 10|17
12 + 2|14
2 + 5|7
1 + 11|12
5 + 12|17
2 + 11|13
1 + 1|2
8 + 2|10
8 + 12|20
1 + 3|4
9 + 2|11
12 + 1|13
12 + 5|17
2 + 2|4
1 + 5|6
15 + 2|17
1 + 8|9
18 + 2|20
6 + 7|13
4 + 10|14
6 + 1|7
4 + 2|6
7 + 1|8
11 + 2|13
5 + 5|10
2 + 11|13
10 + 1|11
1 + 2|3
9 + 5|14
3 + 4|7
3 + 1|4
7 + 4|11
13 + 2|15
3 + 10|13
3 + 1|4
3 + 2|5
5 + 11|16
4 + 2|6
8 + 9|17
8 + 5|13
5 + 1|6
6 + 12|18
1 + 1|2
10 + 4|14
1 + 8|9
3 + 2|5
6 + 3|9
10 + 1|11
2 + 16|18
8 + 2|10
2 + 6|8
6 + 4|10
6 + 6|12
7 + 2|9
4 + 6|10
12 + 1|13
11 + 8|19
1 + 9|10
1 + 3|4
3 + 4|7
7 + 8|15
1 + 11|12
2 + 6|8
4 + 1|5
5 + 9|14
1 + 1|2
6 + 9|15
4 + 1|5
1 + 2|3
12 + 3|15
8 + 1|9
2 + 3|5
5 + 7|12
2 + 2|4
7 + 4|11
2 + 8|10
2 + 4|6
1 + 2|3
2 + 3|5
4 + 2|6
12 + 1|13
12 + 3|15
2 + 12|14
1 + 7|8
3 + 17|20
5 + 7|12
1 + 1|2
4 + 7|11
9 + 4|13
8 + 3|11
3 + 2|5
4 + 6|10
7 + 2|9
1 + 7|8
2 + 4|6
7 + 6|13
4 + 12|16
6 + 8|14
15 + 1|16
3 + 5|8
12 + 4|16
10 + 2|12
3 + 14|17
8 + 6|14
11 + 8|19
6 + 12|18
5 + 9|14
1 + 8|9
11 + 1|12
1 + 3|4
9 + 2|11
1 + 19|20
2 + 1|3
5 + 11|16
2 + 3|5
2 + 1|3
13 + 3|16
1 + 1|2
4 + 6|10
16 + 4|20
3 + 8|11
3 + 12|15
3 + 4|7
8 + 2|10
6 + 5|11
5 + 3|8
9 + 2|11
1 + 6|7
4 + 7|11
4 + 2|6
3 + 5|8
1 + 8|9
3 + 1|4
3 + 4|7
1 + 1|2
1 + 3|4
8 + 1|9
5 + 12|17
2 + 2|4
4 + 3|7
2 + 6|8
2 + 9|11
1 + 7|8
9 + 9|18
11 + 2|13
5 + 3|8
6 + 6|12
1 + 18|19
7 + 9|16
4 + 1|5
1 + 3|4
16 + 2|18
8 + 9|17
4 + 10|14
1 + 1|2
9 + 8|17
9 + 5|14
4 + 4|8
11 + 7|18
3 + 1|4
7 + 9|16
10 + 3|13
11 + 8|19
3 + 1|4
13 + 5|18
3 + 4|7
12 + 8|20
3 + 5|8
2 + 7|9
14 + 1|15
15 + 4|19
2 + 1|3
2 + 9|11
6 + 11|17
9 + 4|13
9 + 9|18
1 + 1|2
3 + 17|20
18 + 1|19
8 + 12|20
8 + 3|11
1 + 2|3
7 + 5|12
6 + 4|10
1 + 1|2
8 + 9|17
6 + 14|20
10 + 1|11
14 + 5|19
1 + 1|2
2 + 7|9
12 + 2|14
7 + 1|8
6 + 5|11
6 + 1|7
3 + 9|12
1 + 1|2
11 + 3|14
1 + 2|3
1 + 6|7
7 + 7|14
9 + 8|17
1 + 10|11
5 + 3|8
11 + 2|13
8 + 4|12
3 + 2|5
2 + 16|18
9 + 11|20
1 + 1|2
1 + 4|5
1 + 10|11
9 + 7|16
1 + 1|2
1 + 3|4
2 + 9|11
11 + 3|14
10 + 5|15
11 + 7|18
1 + 14|15
2 + 4|6
14 + 1|15
3 + 16|19
5 + 15|20
5 + 4|9
2 + 6|8
5 + 4|9
6 + 6|12
5 + 1|6
2 + 5|7
1 + 16|17
1 + 3|4
3 + 2|5
3 + 5|8
5 + 8|13
11 + 4|15
1 + 1|2
8 + 3|11
8 + 1|9
9 + 2|11
5 + 7|12
7 + 11|18
4 + 2|6
3 + 1|4
2 + 4|6
5 + 15|20
4 + 2|6
6 + 4|10
3 + 6|9
1 + 1|2
3 + 4|7
8 + 1|9
1 + 6|7
1 + 1|2
1 + 5|6
16 + 4|20
1 + 7|8
9 + 1|10
6 + 8|14
1 + 7|8
2 + 13|15
10 + 1|11
9 + 6|15
4 + 2|6
5 + 12|17
7 + 6|13
13 + 7|20
3 + 4|7
1 + 5|6
4 + 7|11
2 + 5|7
2 + 3|5
18 + 2|20
1 + 17|18
6 + 10|16
1 + 16|17
10 + 5|15
2 + 4|6
8 + 5|13
7 + 10|17
3 + 7|10
8 + 9|17
14 + 4|18
13 + 1|14
8 + 8|16
5 + 6|11
8 + 1|9
1 + 7|8
12 + 3|15
6 + 10|16
19 + 1|20
1 + 6|7
2 + 1|3
6 + 3|9
3 + 2|5
18 + 1|19
15 + 5|20
4 + 1|5
6 + 2|8
1 + 18|19
1 + 3|4
1 + 2|3
5 + 15|20
9 + 3|12
3 + 5|8
6 + 6|12
1 + 1|2
2 + 4|6
1 + 1|2
4 + 8|12
3 + 11|14
8 + 3|11
17 + 1|18
8 + 9|17
1 + 3|4
1 + 1|2
4 + 15|19
2 + 11|13
3 + 14|17
10 + 4|14
2 + 2|4
6 + 10|16
4 + 7|11
4 + 6|10
2 + 4|6
9 + 5|14
9 + 1|10
3 + 17|20
5 + 4|9
5 + 6|11
3 + 7|10
3 + 5|8
1 + 8|9
1 + 2|3
3 + 1|4
8 + 9|17
8 + 2|10
6 + 5|11
1 + 3|4
3 + 4|7
2 + 3|5
10 + 5|15
8 + 8|16
2 + 5|7
5 + 3|8
2 + 2|4
17 + 3|20
2 + 1|3
10 + 8|18
3 + 10|13
1 + 19|20
4 + 4|8
1 + 10|11
3 + 16|19
1 + 3|4
4 + 7|11
2 + 18|20
2 + 3|5
2 + 10|12
4 + 1|5
5 + 5|10
10 + 1|11
3 + 4|7
11 + 6|17
2 + 9|11
1 + 1|2
3 + 2|5
1 + 1|2
13 + 7|20
1 + 1|2
1 + 2|3
18 + 1|19
12 + 6|18
11 + 2|13
4 + 3|7
6 + 5|11
1 + 2|3
4 + 1|5
3 + 4|7
7 + 8|15
6 + 11|17
4 + 8|12
7 + 4|11
5 + 12|17
10 + 9|19
10 + 2|12
7 + 6|13
8 + 10|18
3 + 11|14
11 + 4|15
12 + 5|17
5 + 13|18
4 + 7|11
10 + 5|15
2 + 7|9
11 + 5|16
1 + 4|5
6 + 2|8
12 + 5|17
4 + 8|12
4 + 14|18
4 + 5|9
1 + 6|7
5 + 8|13
15 + 3|18
11 + 9|20
14 + 5|19
2 + 3|5
10 + 7|17
4 + 16|20
3 + 13|16
2 + 11|13
2 + 7|9
9 + 1|10
13 + 7|20
10 + 8|18
2 + 2|4
1 + 14|15
1 + 7|8
16 + 4|20
3 + 11|14
11 + 2|13
4 + 5|9
15 + 1|16
11 + 2|13
2 + 3|5
10 + 2|12
4 + 1|5
7 + 11|18
1 + 1|2
8 + 3|11
8 + 1|9
3 + 3|6
7 + 12|19
4 + 1|5
1 + 5|6
8 + 1|9
11 + 8|19
3 + 5|8
5 + 2|7
6 + 4|10
17 + 3|20
10 + 2|12
1 + 1|2
8 + 6|14
3 + 1|4
4 + 3|7
15 + 2|17
7 + 1|8
2 + 3|5
10 + 7|17
8 + 4|12
1 + 3|4
4 + 16|20
5 + 5|10
3 + 2|5
11 + 9|20
11 + 4|15
15 + 1|16
3 + 2|5
10 + 4|14
4 + 2|6
1 + 6|7
5 + 1|6
6 + 10|16
2 + 11|13
2 + 17|19
1 + 3|4
6 + 4|10
1 + 19|20
4 + 2|6
1 + 1|2
1 + 3|4
3 + 4|7
13 + 5|18
7 + 1|8
10 + 2|12
1 + 3|4
10 + 5|15
2 + 1|3
6 + 12|18
6 + 3|9
2 + 6|8
6 + 13|19
1 + 3|4
1 + 18|19
4 + 7|11
4 + 1|5
1 + 2|3
12 + 6|18
2 + 5|7
2 + 2|4
6 + 13|19
7 + 9|16
5 + 6|11
7 + 1|8
1 + 9|10
2 + 3|5
9 + 2|11
8 + 7|15
10 + 6|16
5 + 5|10
1 + 1|2
4 + 3|7
4 + 11|15
18 + 2|20
14 + 4|18
10 + 6|16
3 + 5|8
1 + 1|2
9 + 2|11
6 + 3|9
6 + 5|11
5 + 10|15
16 + 1|17
9 + 7|16
7 + 13|20
16 + 2|18
