9 - 2|7
17 - 12|5
2 - 1|1
11 - 5|6
16 - 14|2
4 - 1|3
11 - 10|1
14 - 4|10
7 - 4|3
9 - 3|6
18 - 6|12
4 - 1|3
2 - 1|1
8 - 4|4
13 - 11|2
7 - 6|1
8 - 4|4
13 - 11|2
12 - 8|4
13 - 12|1
11 - 4|7
7 - 6|1
17 - 15|2
10 - 2|8
16 - 13|3
13 - 11|2
2 - 1|1
3 - 1|2
14 - 10|4
2 - 1|1
16 - 6|10
11 - 7|4
5 - 2|3
12 - 3|9
15 - 10|5
12 - 6|6
3 - 1|2
6 - 3|3
12 - 11|1
14 - 2|12
3 - 1|2
13 - 3|10
12 - 5|7
20 - 12|8
19 - 10|9
8 - 3|5
20 - 19|1
13 - 2|11
11 - 9|2
17 - 7|10
8 - 6|2
5 - 2|3
2 - 1|1
19 - 14|5
9 - 5|4
19 - 8|11
4 - 3|1
17 - 15|2
11 - 10|1
4 - 2|2
6 - 3|3
8 - 6|2
9 - 6|3
6 - 1|5
17 - 6|11
18 - 17|1
5 - 1|4
8 - 6|2
20 - 15|5
19 - 8|11
6 - 1|5
15 - 11|4
19 - 5|14
2 - 1|1
12 - 9|3
6 - 5|1
10 - 3|7
8 - 2|6
15 - 3|12
7 - 3|4
12 - 11|1
15 - 11|4
4 - 1|3
2 - 1|1
17 - 14|3
9 - 4|5
19 - 15|4
7 - 5|2
2 - 1|1
6 - 1|5
4 - 2|2
18 - 9|9
16 - 2|14
12 - 3|9
7 - 3|4
13 - 11|2
20 - 5|15
9 - 3|6
19 - 12|7
7 - 3|4
12 - 4|8
6 - 1|5
3 - 1|2
10 - 6|4
9 - 4|5
8 - 7|1
16 - 14|2
17 - 13|4
6 - 5|1
14 - 12|2
15 - 6|9
17 - 1|16
4 - 3|1
7 - 5|2
2 - 1|1
10 - 3|7
3 - 1|2
18 - 10|8
8 - 1|7
2 - 1|1
13 - 6|7
12 - 8|4
11 - 8|3
19 - 12|7
20 - 14|6
8 - 6|2
12 - 11|1
5 - 1|4
15 - 12|3
7 - 3|4
14 - 6|8
6 - 1|5
3 - 1|2
6 - 1|5
9 - 1|8
5 - 3|2
6 - 3|3
13 - 7|6
3 - 1|2
18 - 5|13
4 - 1|3
15 - 7|8
14 - 10|4
3 - 1|2
2 - 1|1
8 - 3|5
12 - 5|7
3 - 2|1
9 - 5|4
12 - 1|11
8 - 1|7
18 - 12|6
19 - 15|4
16 - 11|5
19 - 13|6
8 - 6|2
12 - 6|6
4 - 2|2
13 - 10|3
2 - 1|1
5 - 2|3
15 - 6|9
13 - 5|8
8 - 3|5
7 - 1|6
9 - 6|3
18 - 14|4
5 - 2|3
4 - 2|2
19 - 5|14
14 - 4|10
2 - 1|1
16 - 13|3
18 - 17|1
15 - 3|12
7 - 2|5
3 - 1|2
4 - 3|1
13 - 6|7
2 - 1|1
13 - 7|6
15 - 12|3
9 - 3|6
19 - 2|17
8 - 3|5
15 - 8|7
8 - 7|1
15 - 10|5
16 - 9|7
18 - 14|4
8 - 3|5
12 - 11|1
18 - 13|5
9 - 7|2
7 - 1|6
10 - 6|4
6 - 5|1
9 - 5|4
19 - 1|18
20 - 10|10
3 - 2|1
13 - 2|11
6 - 5|1
18 - 1|17
17 - 3|14
8 - 3|5
3 - 2|1
17 - 1|16
4 - 2|2
13 - 9|4
20 - 3|17
9 - 7|2
4 - 3|1
3 - 1|2
7 - 6|1
20 - 7|13
18 - 6|12
3 - 1|2
9 - 3|6
18 - 16|2
9 - 2|7
8 - 6|2
17 - 11|6
3 - 1|2
16 - 6|10
20 - 3|17
11 - 4|7
12 - 2|10
4 - 2|2
18 - 12|6
4 - 1|3
11 - 5|6
14 - 10|4
3 - 1|2
4 - 1|3
13 - 12|1
15 - 4|11
20 - 5|15
19 - 7|12
17 - 7|10
5 - 4|1
14 - 5|9
17 - 13|4
19 - 3|16
4 - 1|3
11 - 2|9
18 - 13|5
4 - 2|2
19 - 10|9
18 - 7|11
15 - 7|8
10 - 4|6
2 - 1|1
14 - 6|8
19 - 17|2
4 - 1|3
10 - 9|1
19 - 4|15
5 - 1|4
3 - 2|1
9 - 5|4
12 - 6|6
14 - 2|12
8 - 5|3
16 - 15|1
17 - 3|14
13 - 9|4
17 - 15|2
11 - 8|3
12 - 7|5
11 - 7|4
14 - 13|1
4 - 1|3
11 - 2|9
15 - 7|8
11 - 2|9
7 - 6|1
14 - 7|7
9 - 5|4
2 - 1|1
6 - 2|4
2 - 1|1
19 - 1|18
9 - 8|1
5 - 2|3
9 - 1|8
6 - 4|2
14 - 6|8
4 - 2|2
6 - 1|5
4 - 1|3
15 - 5|10
6 - 1|5
20 - 17|3
10 - 2|8
4 - 1|3
18 - 12|6
11 - 3|8
7 - 6|1
10 - 5|5
12 - 8|4
6 - 3|3
11 - 2|9
6 - 3|3
4 - 2|2
5 - 4|1
18 - 3|15
20 - 8|12
16 - 15|1
17 - 4|13
7 - 3|4
15 - 6|9
20 - 16|4
9 - 4|5
4 - 1|3
17 - 16|1
8 - 6|2
9 - 8|1
16 - 14|2
2 - 1|1
3 - 1|2
11 - 10|1
8 - 3|5
15 - 3|12
5 - 2|3
11 - 10|1
6 - 2|4
4 - 2|2
14 - 7|7
6 - 5|1
12 - 8|4
8 - 5|3
17 - 1|16
4 - 3|1
16 - 2|14
9 - 5|4
7 - 4|3
14 - 2|12
10 - 9|1
9 - 3|6
17 - 10|7
11 - 3|8
16 - 7|9
3 - 2|1
16 - 4|12
9 - 3|6
2 - 1|1
5 - 2|3
18 - 16|2
4 - 1|3
2 - 1|1
6 - 2|4
2 - 1|1
17 - 14|3
6 - 2|4
17 - 16|1
9 - 1|8
4 - 2|2
16 - 10|6
20 - 6|14
6 - 3|3
18 - 16|2
10 - 3|7
16 - 7|9
4 - 2|2
13 - 1|12
17 - 7|10
12 - 7|5
20 - 9|11
5 - 4|1
20 - 17|3
19 - 12|7
6 - 4|2
19 - 2|17
20 - 16|4
12 - 3|9
15 - 5|10
2 - 1|1
19 - 16|3
6 - 5|1
19 - 6|13
10 - 3|7
17 - 13|4
18 - 7|11
9 - 8|1
16 - 11|5
7 - 6|1
20 - 6|14
8 - 1|7
20 - 4|16
7 - 1|6
17 - 6|11
15 - 2|13
14 - 11|3
13 - 3|10
7 - 4|3
5 - 4|1
14 - 2|12
18 - 2|16
14 - 10|4
12 - 5|7
6 - 3|3
12 - 7|5
9 - 6|3
3 - 1|2
19 - 13|6
14 - 6|8
10 - 9|1
6 - 1|5
10 - 7|3
9 - 2|7
16 - 15|1
10 - 4|6
2 - 1|1
19 - 16|3
12 - 2|10
19 - 6|13
17 - 12|5
16 - 15|1
7 - 4|3
2 - 1|1
6 - 1|5
3 - 2|1
16 - 9|7
13 - 8|5
2 - 1|1
15 - 12|3
12 - 11|1
13 - 10|3
4 - 3|1
20 - 17|3
13 - 2|11
19 - 16|3
17 - 10|7
5 - 2|3
12 - 2|10
17 - 12|5
12 - 8|4
8 - 3|5
2 - 1|1
16 - 7|9
14 - 8|6
4 - 2|2
13 - 9|4
19 - 14|5
4 - 2|2
9 - 6|3
6 - 1|5
2 - 1|1
15 - 1|14
19 - 11|8
7 - 4|3
9 - 4|5
7 - 1|6
6 - 5|1
8 - 3|5
17 - 13|4
10 - 3|7
4 - 2|2
5 - 1|4
2 - 1|1
12 - 10|2
13 - 1|12
7 - 3|4
17 - 16|1
3 - 1|2
10 - 2|8
19 - 2|17
12 - 7|5
15 - 14|1
14 - 9|5
8 - 5|3
4 - 3|1
14 - 2|12
5 - 3|2
8 - 4|4
14 - 12|2
20 - 4|16
9 - 1|8
3 - 2|1
18 - 9|9
15 - 12|3
10 - 5|5
17 - 6|11
4 - 1|3
5 - 3|2
11 - 4|7
8 - 2|6
4 - 1|3
8 - 4|4
3 - 1|2
15 - 3|12
2 - 1|1
9 - 3|6
15 - 1|14
9 - 5|4
5 - 2|3
13 - 1|12
3 - 1|2
20 - 10|10
18 - 17|1
3 - 1|2
19 - 11|8
4 - 3|1
11 - 7|4
18 - 8|10
3 - 1|2
14 - 8|6
8 - 4|4
17 - 3|14
3 - 2|1
5 - 3|2
4 - 3|1
11 - 7|4
2 - 1|1
20 - 9|11
13 - 12|1
19 - 16|3
15 - 13|2
17 - 9|8
9 - 2|7
15 - 2|13
19 - 10|9
6 - 4|2
15 - 6|9
7 - 5|2
17 - 3|14
16 - 12|4
18 - 13|5
12 - 5|7
15 - 1|14
20 - 14|6
6 - 5|1
15 - 13|2
17 - 11|6
18 - 10|8
6 - 3|3
7 - 3|4
13 - 12|1
15 - 12|3
14 - 8|6
2 - 1|1
16 - 7|9
12 - 9|3
18 - 14|4
11 - 10|1
3 - 1|2
18 - 15|3
3 - 2|1
16 - 1|15
4 - 2|2
12 - 7|5
17 - 5|12
12 - 1|11
15 - 7|8
16 - 5|11
2 - 1|1
8 - 3|5
5 - 4|1
18 - 14|4
12 - 2|10
10 - 8|2
16 - 13|3
2 - 1|1
8 - 1|7
10 - 2|8
16 - 15|1
19 - 4|15
4 - 1|3
2 - 1|1
3 - 1|2
8 - 7|1
14 - 10|4
9 - 4|5
16 - 6|10
12 - 4|8
17 - 2|15
10 - 5|5
8 - 1|7
4 - 2|2
20 - 2|18
10 - 1|9
15 - 14|1
20 - 5|15
14 - 6|8
20 - 5|15
13 - 4|9
3 - 1|2
13 - 9|4
17 - 7|10
7 - 4|3
3 - 1|2
7 - 4|3
2 - 1|1
16 - 1|15
20 - 19|1
8 - 2|6
19 - 1|18
16 - 8|8
4 - 1|3
12 - 11|1
8 - 6|2
9 - 1|8
3 - 2|1
12 - 7|5
8 - 6|2
13 - 5|8
8 - 7|1
9 - 2|7
7 - 3|4
5 - 4|1
11 - 5|6
7 - 3|4
18 - 9|9
12 - 5|7
4 - 1|3
13 - 11|2
5 - 4|1
8 - 5|3
7 - 6|1
12 - 6|6
5 - 2|3
19 - 4|15
14 - 12|2
2 - 1|1
12 - 5|7
3 - 1|2
15 - 2|13
3 - 2|1
20 - 7|13
2 - 1|1
12 - 5|7
6 - 5|1
20 - 17|3
11 - 9|2
13 - 8|5
2 - 1|1
5 - 1|4
17 - 14|3
4 - 3|1
15 - 12|3
19 - 14|5
6 - 5|1
11 - 5|6
13 - 9|4
17 - 4|13
14 - 2|12
4 - 1|3
20 - 13|7
4 - 1|3
12 - 8|4
9 - 2|7
8 - 6|2
12 - 3|9
7 - 3|4
17 - 7|10
3 - 1|2
7 - 1|6
19 - 1|18
12 - 6|6
5 - 2|3
2 - 1|1
20 - 10|10
9 - 8|1
4 - 1|3
9 - 4|5
14 - 11|3
3 - 1|2
12 - 9|3
5 - 1|4
2 - 1|1
15 - 4|11
2 - 1|1
16 - 13|3
7 - 6|1
15 - 6|9
10 - 2|8
14 - 10|4
17 - 3|14
14 - 11|3
15 - 1|14
19 - 2|17
12 - 7|5
20 - 19|1
15 - 4|11
5 - 3|2
17 - 14|3
20 - 5|15
16 - 4|12
2 - 1|1
7 - 3|4
3 - 2|1
19 - 9|10
16 - 11|5
12 - 1|11
17 - 15|2
10 - 6|4
5 - 2|3
10 - 3|7
9 - 3|6
12 - 3|9
11 - 8|3
18 - 5|13
17 - 5|12
4 - 2|2
16 - 10|6
19 - 12|7
2 - 1|1
14 - 5|9
19 - 14|5
18 - 14|4
16 - 14|2
6 - 3|3
9 - 8|1
18 - 6|12
14 - 9|5
3 - 1|2
16 - 2|14
15 - 13|2
3 - 2|1
12 - 6|6
14 - 13|1
19 - 6|13
20 - 15|5
10 - 4|6
4 - 1|3
18 - 6|12
2 - 1|1
16 - 11|5
8 - 6|2
14 - 11|3
18 - 17|1
9 - 5|4
19 - 6|13
13 - 12|1
9 - 7|2
8 - 4|4
13 - 11|2
19 - 15|4
3 - 1|2
20 - 12|8
4 - 3|1
11 - 1|10
17 - 1|16
15 - 1|14
20 - 16|4
19 - 2|17
14 - 6|8
8 - 6|2
19 - 16|3
20 - 12|8
8 - 5|3
5 - 3|2
12 - 8|4
20 - 14|6
11 - 10|1
14 - 7|7
10 - 5|5
12 - 11|1
17 - 13|4
10 - 7|3
20 - 6|14
11 - 9|2
17 - 5|12
16 - 2|14
17 - 5|12
4 - 2|2
14 - 8|6
18 - 2|16
10 - 2|8
20 - 14|6
17 - 5|12
7 - 1|6
12 - 2|10
2 - 1|1
9 - 2|7
18 - 5|13
16 - 5|11
15 - 1|14
12 - 3|9
8 - 6|2
13 - 7|6
14 - 10|4
13 - 11|2
15 - 4|11
9 - 4|5
3 - 2|1
9 - 1|8
16 - 12|4
10 - 7|3
7 - 2|5
16 - 5|11
11 - 3|8
5 - 3|2
20 - 11|9
8 - 2|6
5 - 4|1
18 - 12|6
12 - 9|3
15 - 10|5
7 - 5|2
17 - 4|13
16 - 7|9
5 - 4|1
7 - 5|2
12 - 4|8
19 - 13|6
4 - 2|2
2 - 1|1
19 - 3|16
9 - 8|1
6 - 1|5
5 - 4|1
13 - 10|3
11 - 7|4
18 - 17|1
12 - 7|5
7 - 6|1
15 - 7|8
16 - 2|14
18 - 13|5
15 - 9|6
3 - 2|1
14 - 5|9
6 - 4|2
18 - 9|9
7 - 3|4
4 - 1|3
6 - 4|2
11 - 2|9
18 - 2|16
9 - 2|7
2 - 1|1
9 - 5|4
11 - 4|7
15 - 12|3
13 - 6|7
8 - 4|4
9 - 4|5
17 - 16|1
16 - 1|15
6 - 5|1
12 - 9|3
17 - 1|16
13 - 8|5
15 - 6|9
13 - 5|8
11 - 7|4
17 - 8|9
14 - 3|11
8 - 3|5
9 - 6|3
2 - 1|1
13 - 4|9
19 - 1|18
16 - 9|7
6 - 4|2
20 - 6|14
17 - 13|4
10 - 1|9
6 - 2|4
18 - 3|15
11 - 1|10
3 - 2|1
13 - 2|11
12 - 9|3
17 - 3|14
8 - 1|7
2 - 1|1
8 - 1|7
9 - 6|3
7 - 6|1
17 - 2|15
14 - 4|10
13 - 12|1
11 - 9|2
5 - 1|4
10 - 1|9
3 - 2|1
12 - 1|11
7 - 2|5
14 - 11|3
18 - 6|12
8 - 6|2
14 - 3|11
13 - 5|8
3 - 1|2
6 - 3|3
18 - 11|7
13 - 1|12
5 - 2|3
2 - 1|1
5 - 1|4
16 - 13|3
17 - 16|1
19 - 17|2
13 - 3|10
5 - 3|2
19 - 15|4
15 - 3|12
13 - 5|8
17 - 7|10
2 - 1|1
4 - 1|3
2 - 1|1
16 - 13|3
8 - 2|6
19 - 2|17
5 - 4|1
13 - 8|5
2 - 1|1
19 - 17|2
16 - 10|6
19 - 3|16
14 - 6|8
17 - 14|3
13 - 12|1
4 - 2|2
18 - 1|17
14 - 12|2
3 - 2|1
18 - 1|17
4 - 2|2
15 - 12|3
17 - 13|4
12 - 4|8
15 - 1|14
13 - 2|11
11 - 7|4
3 - 1|2
5 - 4|1
17 - 15|2
9 - 2|7
10 - 1|9
6 - 3|3
3 - 2|1
17 - 12|5
11 - 9|2
17 - 7|10
20 - 6|14
6 - 5|1
19 - 8|11
12 - 5|7
16 - 8|8
15 - 6|9
16 - 15|1
11 - 2|9
2 - 1|1
19 - 2|17
16 - 9|7
9 - 5|4
8 - 6|2
13 - 2|11
9 - 2|7
3 - 1|2
14 - 3|11
11 - 5|6
20 - 19|1
8 - 2|6
2 - 1|1
9 - 1|8
3 - 1|2
20 - 13|7
2 - 1|1
18 - 15|3
9 - 2|7
10 - 6|4
9 - 2|7
15 - 9|6
10 - 5|5
11 - 3|8
8 - 5|3
18 - 13|5
11 - 8|3
15 - 9|6
4 - 1|3
16 - 3|13
6 - 3|3
3 - 2|1
17 - 15|2
15 - 5|10
8 - 1|7
13 - 4|9
19 - 1|18
8 - 4|4
12 - 3|9
19 - 13|6
5 - 3|2
13 - 6|7
18 - 13|5
5 - 1|4
14 - 8|6
8 - 3|5
10 - 1|9
17 - 2|15
19 - 1|18
20 - 13|7
14 - 3|11
9 - 1|8
4 - 3|1
