360 : 40|9
144 : 72|2
532 : 76|7
112 : 16|7
120 : 20|6
168 : 28|6
154 : 77|2
336 : 56|6
306 : 51|6
284 : 71|4
102 : 34|3
448 : 56|8
79 : 79|1
621 : 69|9
46 : 46|1
330 : 55|6
305 : 61|5
330 : 55|6
162 : 54|3
276 : 69|4
53 : 53|1
32 : 16|2
370 : 74|5
177 : 59|3
126 : 18|7
528 : 66|8
41 : 41|1
371 : 53|7
180 : 30|6
224 : 56|4
201 : 67|3
180 : 36|5
528 : 66|8
406 : 58|7
544 : 68|8
584 : 73|8
371 : 53|7
300 : 60|5
95 : 19|5
376 : 47|8
258 : 43|6
129 : 43|3
440 : 55|8
148 : 74|2
513 : 57|9
51 : 17|3
63 : 21|3
462 : 66|7
552 : 69|8
150 : 50|3
234 : 26|9
156 : 52|3
72 : 18|4
344 : 43|8
177 : 59|3
34 : 17|2
44 : 22|2
37 : 37|1
288 : 32|9
66 : 66|1
693 : 77|9
217 : 31|7
88 : 44|2
159 : 53|3
320 : 40|8
160 : 20|8
140 : 20|7
112 : 28|4
324 : 54|6
44 : 22|2
80 : 20|4
693 : 77|9
72 : 18|4
160 : 20|8
495 : 55|9
183 : 61|3
224 : 28|8
441 : 63|7
480 : 80|6
216 : 72|3
112 : 28|4
280 : 35|8
68 : 68|1
66 : 33|2
624 : 78|8
59 : 59|1
186 : 62|3
125 : 25|5
104 : 52|2
384 : 64|6
63 : 63|1
250 : 50|5
152 : 19|8
380 : 76|5
28 : 28|1
19 : 19|1
78 : 39|2
132 : 22|6
146 : 73|2
95 : 19|5
230 : 46|5
112 : 16|7
612 : 68|9
210 : 30|7
80 : 40|2
76 : 76|1
243 : 27|9
222 : 74|3
168 : 24|7
175 : 25|7
468 : 78|6
64 : 64|1
80 : 80|1
322 : 46|7
140 : 70|2
111 : 37|3
160 : 40|4
140 : 70|2
31 : 31|1
275 : 55|5
399 : 57|7
343 : 49|7
450 : 50|9
222 : 74|3
204 : 34|6
248 : 62|4
536 : 67|8
215 : 43|5
228 : 57|4
282 : 47|6
146 : 73|2
74 : 74|1
39 : 39|1
49 : 49|1
340 : 68|5
320 : 80|4
183 : 61|3
621 : 69|9
308 : 77|4
88 : 22|4
74 : 74|1
68 : 68|1
130 : 26|5
441 : 63|7
55 : 55|1
296 : 74|4
80 : 16|5
76 : 38|2
48 : 16|3
84 : 21|4
186 : 62|3
152 : 38|4
216 : 72|3
497 : 71|7
450 : 50|9
22 : 22|1
146 : 73|2
231 : 33|7
87 : 29|3
154 : 22|7
208 : 26|8
474 : 79|6
304 : 38|8
279 : 31|9
520 : 65|8
408 : 68|6
71 : 71|1
250 : 50|5
576 : 64|9
380 : 76|5
126 : 21|6
108 : 18|6
72 : 18|4
240 : 30|8
315 : 45|7
532 : 76|7
420 : 60|7
176 : 44|4
216 : 27|8
612 : 68|9
53 : 53|1
594 : 66|9
129 : 43|3
192 : 48|4
66 : 22|3
140 : 28|5
75 : 75|1
396 : 66|6
513 : 57|9
468 : 78|6
78 : 78|1
140 : 35|4
204 : 68|3
648 : 72|9
203 : 29|7
64 : 64|1
148 : 74|2
184 : 46|4
17 : 17|1
608 : 76|8
108 : 54|2
378 : 42|9
290 : 58|5
264 : 33|8
423 : 47|9
102 : 51|2
275 : 55|5
92 : 23|4
133 : 19|7
560 : 70|8
390 : 78|5
513 : 57|9
81 : 27|3
62 : 62|1
68 : 34|2
135 : 15|9
140 : 35|4
58 : 29|2
228 : 76|3
441 : 63|7
102 : 34|3
711 : 79|9
378 : 54|7
488 : 61|8
30 : 15|2
76 : 38|2
133 : 19|7
480 : 80|6
426 : 71|6
252 : 63|4
30 : 15|2
40 : 20|2
135 : 45|3
40 : 20|2
45 : 45|1
252 : 63|4
44 : 22|2
270 : 30|9
46 : 46|1
512 : 64|8
340 : 68|5
180 : 30|6
231 : 77|3
380 : 76|5
198 : 33|6
128 : 16|8
144 : 24|6
256 : 64|4
20 : 20|1
126 : 21|6
222 : 37|6
301 : 43|7
203 : 29|7
78 : 39|2
224 : 56|4
270 : 45|6
464 : 58|8
105 : 35|3
476 : 68|7
300 : 60|5
441 : 63|7
345 : 69|5
568 : 71|8
118 : 59|2
396 : 44|9
188 : 47|4
114 : 57|2
280 : 56|5
365 : 73|5
387 : 43|9
345 : 69|5
420 : 70|6
504 : 56|9
64 : 16|4
54 : 18|3
126 : 42|3
66 : 22|3
497 : 71|7
392 : 56|7
180 : 36|5
488 : 61|8
156 : 39|4
385 : 55|7
266 : 38|7
108 : 18|6
497 : 71|7
51 : 17|3
240 : 80|3
207 : 23|9
210 : 42|5
210 : 30|7
235 : 47|5
450 : 50|9
336 : 48|7
376 : 47|8
406 : 58|7
198 : 33|6
30 : 30|1
252 : 42|6
184 : 23|8
426 : 71|6
72 : 24|3
245 : 49|5
440 : 55|8
264 : 44|6
111 : 37|3
175 : 25|7
152 : 76|2
147 : 49|3
210 : 70|3
158 : 79|2
258 : 43|6
51 : 51|1
497 : 71|7
176 : 22|8
336 : 42|8
40 : 40|1
350 : 50|7
222 : 74|3
336 : 42|8
448 : 64|7
68 : 68|1
216 : 27|8
301 : 43|7
76 : 76|1
180 : 45|4
378 : 63|6
150 : 75|2
128 : 64|2
116 : 58|2
74 : 74|1
630 : 70|9
96 : 32|3
474 : 79|6
124 : 31|4
47 : 47|1
100 : 50|2
156 : 52|3
144 : 18|8
576 : 64|9
399 : 57|7
414 : 46|9
120 : 30|4
296 : 74|4
285 : 57|5
235 : 47|5
106 : 53|2
104 : 26|4
711 : 79|9
585 : 65|9
219 : 73|3
315 : 63|5
224 : 28|8
23 : 23|1
192 : 32|6
112 : 16|7
30 : 15|2
333 : 37|9
53 : 53|1
46 : 23|2
66 : 33|2
128 : 16|8
47 : 47|1
280 : 40|7
54 : 27|2
296 : 37|8
86 : 43|2
116 : 58|2
31 : 31|1
90 : 18|5
192 : 48|4
54 : 27|2
294 : 49|6
201 : 67|3
31 : 31|1
402 : 67|6
152 : 19|8
54 : 54|1
68 : 68|1
518 : 74|7
256 : 32|8
280 : 70|4
177 : 59|3
424 : 53|8
518 : 74|7
558 : 62|9
147 : 21|7
424 : 53|8
456 : 57|8
355 : 71|5
42 : 21|2
378 : 42|9
39 : 39|1
52 : 52|1
513 : 57|9
469 : 67|7
190 : 38|5
64 : 16|4
175 : 25|7
243 : 27|9
44 : 22|2
276 : 46|6
84 : 28|3
511 : 73|7
639 : 71|9
285 : 57|5
105 : 15|7
342 : 38|9
93 : 31|3
666 : 74|9
62 : 31|2
215 : 43|5
80 : 40|2
275 : 55|5
175 : 25|7
288 : 72|4
344 : 43|8
114 : 57|2
74 : 37|2
234 : 39|6
477 : 53|9
256 : 64|4
420 : 70|6
15 : 15|1
400 : 80|5
426 : 71|6
126 : 21|6
52 : 26|2
255 : 51|5
48 : 48|1
64 : 64|1
32 : 32|1
252 : 28|9
369 : 41|9
81 : 27|3
342 : 57|6
138 : 23|6
161 : 23|7
720 : 80|9
168 : 42|4
518 : 74|7
61 : 61|1
210 : 42|5
558 : 62|9
38 : 38|1
333 : 37|9
135 : 15|9
68 : 17|4
248 : 62|4
144 : 24|6
188 : 47|4
92 : 23|4
222 : 37|6
288 : 36|8
592 : 74|8
308 : 44|7
264 : 33|8
585 : 65|9
159 : 53|3
210 : 35|6
18 : 18|1
126 : 21|6
156 : 52|3
315 : 63|5
156 : 52|3
124 : 62|2
328 : 41|8
172 : 43|4
58 : 58|1
252 : 36|7
270 : 45|6
46 : 46|1
354 : 59|6
132 : 44|3
66 : 33|2
567 : 63|9
16 : 16|1
18 : 18|1
666 : 74|9
240 : 48|5
94 : 47|2
184 : 23|8
666 : 74|9
45 : 45|1
20 : 20|1
216 : 24|9
392 : 49|8
192 : 32|6
111 : 37|3
608 : 76|8
295 : 59|5
294 : 49|6
300 : 60|5
546 : 78|7
444 : 74|6
213 : 71|3
152 : 76|2
360 : 72|5
280 : 56|5
344 : 43|8
189 : 63|3
75 : 25|3
390 : 78|5
86 : 43|2
472 : 59|8
480 : 60|8
469 : 67|7
189 : 63|3
301 : 43|7
150 : 30|5
175 : 35|5
553 : 79|7
34 : 34|1
78 : 39|2
224 : 56|4
231 : 77|3
256 : 32|8
308 : 44|7
68 : 17|4
108 : 36|3
75 : 25|3
160 : 32|5
222 : 74|3
73 : 73|1
448 : 64|7
48 : 16|3
120 : 15|8
102 : 34|3
364 : 52|7
234 : 26|9
525 : 75|7
560 : 70|8
186 : 31|6
182 : 26|7
200 : 40|5
198 : 33|6
594 : 66|9
480 : 80|6
64 : 32|2
285 : 57|5
354 : 59|6
264 : 44|6
438 : 73|6
336 : 42|8
228 : 57|4
270 : 54|5
711 : 79|9
44 : 44|1
235 : 47|5
325 : 65|5
222 : 37|6
132 : 22|6
385 : 77|5
55 : 55|1
62 : 31|2
265 : 53|5
15 : 15|1
44 : 44|1
196 : 49|4
616 : 77|8
225 : 75|3
408 : 51|8
111 : 37|3
128 : 64|2
90 : 18|5
146 : 73|2
330 : 66|5
224 : 56|4
135 : 45|3
536 : 67|8
48 : 24|2
18 : 18|1
231 : 77|3
315 : 45|7
350 : 70|5
495 : 55|9
236 : 59|4
160 : 32|5
290 : 58|5
456 : 76|6
282 : 47|6
192 : 64|3
315 : 63|5
63 : 21|3
80 : 80|1
364 : 52|7
624 : 78|8
325 : 65|5
112 : 16|7
280 : 40|7
216 : 72|3
198 : 33|6
512 : 64|8
160 : 20|8
265 : 53|5
75 : 25|3
147 : 49|3
441 : 63|7
158 : 79|2
276 : 46|6
238 : 34|7
584 : 73|8
210 : 70|3
414 : 46|9
153 : 17|9
252 : 36|7
198 : 22|9
256 : 64|4
342 : 38|9
408 : 68|6
287 : 41|7
44 : 44|1
182 : 26|7
256 : 64|4
189 : 63|3
37 : 37|1
40 : 20|2
24 : 24|1
25 : 25|1
115 : 23|5
248 : 62|4
90 : 30|3
148 : 74|2
184 : 23|8
76 : 38|2
459 : 51|9
288 : 72|4
414 : 69|6
46 : 23|2
99 : 33|3
150 : 50|3
536 : 67|8
136 : 68|2
552 : 69|8
168 : 24|7
592 : 74|8
53 : 53|1
369 : 41|9
560 : 70|8
225 : 25|9
132 : 33|4
27 : 27|1
684 : 76|9
135 : 15|9
310 : 62|5
150 : 25|6
518 : 74|7
76 : 19|4
210 : 42|5
33 : 33|1
105 : 21|5
360 : 40|9
343 : 49|7
68 : 68|1
380 : 76|5
472 : 59|8
456 : 57|8
288 : 48|6
336 : 48|7
162 : 27|6
216 : 72|3
648 : 72|9
434 : 62|7
176 : 22|8
546 : 78|7
212 : 53|4
141 : 47|3
480 : 80|6
100 : 25|4
224 : 32|7
58 : 58|1
198 : 66|3
414 : 46|9
204 : 51|4
376 : 47|8
390 : 78|5
204 : 51|4
345 : 69|5
400 : 50|8
201 : 67|3
711 : 79|9
63 : 21|3
27 : 27|1
172 : 43|4
100 : 20|5
350 : 50|7
30 : 30|1
174 : 29|6
296 : 37|8
96 : 24|4
248 : 31|8
69 : 69|1
630 : 70|9
320 : 40|8
145 : 29|5
135 : 45|3
69 : 23|3
66 : 66|1
360 : 45|8
240 : 60|4
104 : 52|2
378 : 54|7
333 : 37|9
192 : 24|8
45 : 15|3
212 : 53|4
60 : 30|2
444 : 74|6
18 : 18|1
180 : 20|9
702 : 78|9
188 : 47|4
441 : 49|9
111 : 37|3
518 : 74|7
180 : 60|3
144 : 72|2
114 : 19|6
324 : 36|9
177 : 59|3
396 : 66|6
176 : 22|8
58 : 58|1
250 : 50|5
354 : 59|6
288 : 32|9
306 : 34|9
207 : 23|9
185 : 37|5
351 : 39|9
189 : 63|3
76 : 19|4
426 : 71|6
56 : 28|2
504 : 63|8
72 : 18|4
222 : 74|3
567 : 63|9
224 : 56|4
51 : 17|3
255 : 51|5
158 : 79|2
128 : 16|8
276 : 46|6
52 : 26|2
355 : 71|5
235 : 47|5
210 : 35|6
420 : 70|6
120 : 15|8
305 : 61|5
110 : 22|5
87 : 29|3
328 : 41|8
266 : 38|7
82 : 41|2
216 : 24|9
154 : 22|7
702 : 78|9
100 : 50|2
120 : 20|6
240 : 48|5
308 : 77|4
266 : 38|7
53 : 53|1
272 : 68|4
108 : 54|2
128 : 32|4
56 : 56|1
68 : 68|1
44 : 44|1
330 : 55|6
342 : 38|9
344 : 43|8
476 : 68|7
328 : 41|8
95 : 19|5
162 : 18|9
177 : 59|3
444 : 74|6
44 : 44|1
155 : 31|5
114 : 19|6
240 : 48|5
248 : 31|8
114 : 57|2
408 : 68|6
497 : 71|7
255 : 51|5
232 : 29|8
304 : 38|8
288 : 36|8
318 : 53|6
539 : 77|7
159 : 53|3
120 : 20|6
480 : 80|6
612 : 68|9
19 : 19|1
145 : 29|5
497 : 71|7
162 : 18|9
228 : 38|6
186 : 31|6
66 : 66|1
119 : 17|7
75 : 15|5
64 : 16|4
152 : 76|2
200 : 50|4
58 : 58|1
96 : 16|6
84 : 42|2
180 : 30|6
396 : 66|6
158 : 79|2
306 : 34|9
55 : 55|1
42 : 42|1
270 : 45|6
486 : 54|9
116 : 58|2
200 : 50|4
54 : 18|3
315 : 45|7
152 : 76|2
144 : 18|8
270 : 54|5
68 : 68|1
81 : 27|3
115 : 23|5
124 : 62|2
256 : 32|8
64 : 16|4
69 : 69|1
144 : 72|2
34 : 34|1
552 : 69|8
106 : 53|2
90 : 30|3
228 : 38|6
66 : 66|1
175 : 35|5
66 : 66|1
294 : 42|7
399 : 57|7
90 : 30|3
75 : 75|1
231 : 77|3
259 : 37|7
378 : 63|6
146 : 73|2
702 : 78|9
352 : 44|8
336 : 48|7
195 : 39|5
205 : 41|5
330 : 55|6
153 : 17|9
37 : 37|1
52 : 26|2
208 : 52|4
513 : 57|9
34 : 34|1
375 : 75|5
316 : 79|4
114 : 19|6
256 : 32|8
360 : 60|6
75 : 25|3
384 : 64|6
539 : 77|7
546 : 78|7
210 : 70|3
208 : 52|4
138 : 23|6
161 : 23|7
66 : 66|1
75 : 15|5
129 : 43|3
360 : 45|8
228 : 57|4
350 : 50|7
64 : 16|4
188 : 47|4
217 : 31|7
62 : 62|1
116 : 58|2
396 : 66|6
390 : 78|5
395 : 79|5
126 : 18|7
132 : 22|6
648 : 72|9
90 : 30|3
176 : 44|4
71 : 71|1
528 : 66|8
225 : 45|5
105 : 15|7
180 : 30|6
324 : 36|9
84 : 28|3
38 : 38|1
68 : 17|4
60 : 60|1
315 : 63|5
711 : 79|9
225 : 25|9
504 : 63|8
348 : 58|6
324 : 54|6
35 : 35|1
234 : 26|9
168 : 24|7
260 : 52|5
287 : 41|7
162 : 54|3
468 : 78|6
279 : 31|9
216 : 72|3
287 : 41|7
108 : 36|3
294 : 42|7
280 : 35|8
518 : 74|7
539 : 77|7
468 : 78|6
162 : 18|9
558 : 62|9
204 : 51|4
106 : 53|2
175 : 35|5
320 : 40|8
210 : 42|5
280 : 56|5
171 : 19|9
630 : 70|9
316 : 79|4
592 : 74|8
126 : 42|3
115 : 23|5
348 : 58|6
57 : 57|1
316 : 79|4
168 : 28|6
17 : 17|1
378 : 42|9
108 : 18|6
184 : 46|4
82 : 41|2
248 : 62|4
248 : 31|8
560 : 70|8
176 : 44|4
63 : 63|1
264 : 66|4
72 : 24|3
225 : 75|3
252 : 42|6
310 : 62|5
240 : 30|8
406 : 58|7
256 : 32|8
71 : 71|1
268 : 67|4
45 : 45|1
87 : 29|3
100 : 25|4
301 : 43|7
474 : 79|6
34 : 34|1
78 : 26|3
282 : 47|6
135 : 45|3
693 : 77|9
40 : 40|1
184 : 23|8
192 : 48|4
276 : 69|4
616 : 77|8
49 : 49|1
104 : 52|2
456 : 57|8
392 : 56|7
64 : 16|4
150 : 25|6
147 : 49|3
348 : 58|6
702 : 78|9
111 : 37|3
256 : 32|8
85 : 17|5
390 : 78|5
112 : 56|2
488 : 61|8
171 : 57|3
144 : 18|8
234 : 78|3
325 : 65|5
